OBJECTID,BUA11,BUASD11,CALNCV,CED,CTRY,DOINTR,DOTERM,ICB,IMD,ITL,LAT,LEP1,LEP2,LONG,LSOA11,LSOA21,MSOA11,MSOA21,NHSER,OA11,OA21,OAC11,OSCTY,OSEAST1M,OSGRDIND,OSHLTHAU,OSLAUA,OSNRTH1M,OSWARD,PARISH,PARK,PCD,PCD2,PCDS,PCON,PFA,RGN,RU11IND,RUC21IND,SICBL,TTWA,USERTYPE,WZ11
"260174",,E35999999,E56000035,E58000073,E92000001,"198001",,E54000056,"22412",E07000012,52.0643501281738,E37000059,,0.334432989358902,E01018220,E01018220,E02003790,E02003790,E40000007,E00091902,E00091902,1B2,E10000003,"560119","1",E18000006,E07000012,"243234",E05011298,E04001769,E65000001,CB102JQ,CB10 2JQ,CB10 2JQ,E14001481,E23000023,E12000006,E1,RSF1,E38000260,E30000186,"0",E33026168
"261528",E630,E35999999,E56000035,E58000073,E92000001,"201004",,E54000056,"32828",E07000012,52.0983924865723,E37000059,,0.28839099407196,E01018265,E01018265,E02003790,E02003790,E40000007,E00092112,E00092112,6B2,E10000003,"556844","1",E18000006,E07000012,"246919",E05011298,E04001814,E65000001,CB214AA,CB21 4AA,CB21 4AA,E14001481,E23000023,E12000006,D1,RLN1,E38000260,E30000186,"0",E33026169
"261529",E630,E35999999,E56000035,E58000073,E92000001,"201307",,E54000056,"19982",E07000012,52.1006050109863,E37000059,,0.280050009489059,E01018264,E01018264,E02003790,E02003790,E40000007,E00092117,E00092117,8C1,E10000003,"556265","1",E18000006,E07000012,"247147",E05011298,E04001814,E65000001,CB214AB,CB21 4AB,CB21 4AB,E14001481,E23000023,E12000006,D1,RLN1,E38000260,E30000186,"0",E33026169
"261530",E630,E35999999,E56000035,E58000073,E92000001,"200609",,E54000056,"21728",E07000012,52.1321411132812,E37000059,,0.323437005281448,E01018218,E01018218,E02003790,E02003790,E40000007,E00091900,E00091900,6A3,E10000003,"559124","1",E18000006,E07000012,"250748",E05011282,E04001759,E65000001,CB214AD,CB21 4AD,CB21 4AD,E14001481,E23000023,E12000006,D1,RLN1,E38000260,E30000186,"0",E33026171
"261531",E630,E35999999,E56000035,E58000073,E92000001,"200802",,E54000056,"32828",E07000012,52.0968246459961,E37000059,,0.286718994379044,E01018265,E01018265,E02003790,E02003790,E40000007,E00092113,E00092113,6B2,E10000003,"556735","1",E18000006,E07000012,"246741",E05011298,E04001814,E65000001,CB214AE,CB21 4AE,CB21 4AE,E14001481,E23000023,E12000006,D1,RLN1,E38000260,E30000186,"0",E33026169
"261532",E630,E35999999,E56000035,E58000073,E92000001,"201002",,E54000056,"19982",E07000012,52.0999794006348,E37000059,,0.277505993843079,E01018264,E01018264,E02003790,E02003790,E40000007,E00092111,E00092111,8A1,E10000003,"556093","1",E18000006,E07000012,"247072",E05011298,E04001814,E65000001,CB214AF,CB21 4AF,CB21 4AF,E14001481,E23000023,E12000006,D1,RLN1,E38000260,E30000186,"0",E33026172
"261533",E630,E35999999,E56000035,E58000073,E92000001,"201502",,E54000056,"31437",E07000012,52.0954475402832,E37000059,,0.27276399731636,E01018263,E01018263,E02003790,E02003790,E40000007,E00092123,E00092123,5B3,E10000003,"555784","1",E18000006,E07000012,"246558",E05011298,E04001814,E65000001,CB214AG,CB21 4AG,CB21 4AG,E14001481,E23000023,E12000006,D1,RLN1,E38000260,E30000186,"0",E33023735
"261534",E630,E35999999,E56000035,E58000073,E92000001,"201605",,E54000056,"32828",E07000012,52.0981178283691,E37000059,,0.288114011287689,E01018265,E01018265,E02003790,E02003790,E40000007,E00092112,E00092112,6B2,E10000003,"556826","1",E18000006,E07000012,"246888",E05011298,E04001814,E65000001,CB214AH,CB21 4AH,CB21 4AH,E14001481,E23000023,E12000006,D1,RLN1,E38000260,E30000186,"0",E33026169
"261535",E630,E35999999,E56000035,E58000073,E92000001,"201906",,E54000056,"26328",E07000012,52.130802154541,E37000059,,0.319216996431351,E01018219,E01018219,E02003790,E02003790,E40000007,E00091899,E00091899,1B1,E10000003,"558840","1",E18000006,E07000012,"250590",E05011282,E04001759,E65000001,CB214AL,CB21 4AL,CB21 4AL,E14001481,E23000023,E12000006,D1,RLN1,E38000260,E30000186,"0",E33026170
"261536",E630,E35999999,E56000035,E58000073,E92000001,"201906",,E54000056,"26328",E07000012,52.1305541992188,E37000059,,0.318590998649597,E01018219,E01018219,E02003790,E02003790,E40000007,E00091899,E00091899,1B1,E10000003,"558798","1",E18000006,E07000012,"250561",E05011282,E04001759,E65000001,CB214AN,CB21 4AN,CB21 4AN,E14001481,E23000023,E12000006,D1,RLN1,E38000260,E30000186,"0",E33026170
"261537",E630,E35999999,E56000035,E58000073,E92000001,"201906",,E54000056,"26328",E07000012,52.1313362121582,E37000059,,0.318924009799957,E01018219,E01018219,E02003790,E02003790,E40000007,E00091899,E00091899,1B1,E10000003,"558818","1",E18000006,E07000012,"250649",E05011282,E04001759,E65000001,CB214AP,CB21 4AP,CB21 4AP,E14001481,E23000023,E12000006,D1,RLN1,E38000260,E30000186,"0",E33026170
"261538",,E35999999,E56000035,E58000073,E92000001,"201902",,E54000056,"26328",E07000012,52.1503524780273,E37000059,,0.269800007343292,E01018219,E01018219,E02003790,E02003790,E40000007,E00091897,E00091897,1B2,E10000003,"555390","1",E18000006,E07000012,"252657",E05011282,E04001759,E65000001,CB214AQ,CB21 4AQ,CB21 4AQ,E14001481,E23000023,E12000006,E1,RSN1,E38000260,E30000186,"0",E33026171
"261539",E630,E35999999,E56000035,E58000073,E92000001,"202002",,E54000056,"21728",E07000012,52.1325912475586,E37000059,,0.310030996799469,E01018218,E01018218,E02003790,E02003790,E40000007,E00091896,E00091896,6A3,E10000003,"558205","1",E18000006,E07000012,"250769",E05011282,E04001759,E65000001,CB214AR,CB21 4AR,CB21 4AR,E14001481,E23000023,E12000006,D1,RLN1,E38000260,E30000186,"0",E33026171
"261540",E630,E35999999,E56000035,E58000073,E92000001,"202101",,E54000056,"26328",E07000012,52.1323699951172,E37000059,,0.3038389980793,E01018219,E01018219,E02003790,E02003790,E40000007,E00091897,E00091897,1B2,E10000003,"557782","1",E18000006,E07000012,"250731",E05011282,E04001759,E65000001,CB214AS,CB21 4AS,CB21 4AS,E14001481,E23000023,E12000006,E1,RSN1,E38000260,E30000186,"0",E33026171
"261541",E630,E35999999,E56000035,E58000228,E92000001,"202202",,E54000056,"32828",E07000012,52.0951690673828,E37000059,,0.295145988464355,E01018265,E01018265,E02003790,E02003790,E40000007,E00092113,E00092113,6B2,E10000003,"557318","1",E18000006,E07000012,"246575",E05011298,E04001814,E65000001,CB214AT,CB21 4AT,CB21 4AT,E14001481,E23000023,E12000006,D1,RLN1,E38000260,E30000186,"0",E33026169
"261542",E630,E35999999,E56000035,E58000228,E92000001,"202310",,E54000056,"32828",E07000012,52.0944480895996,E37000059,,0.292787998914719,E01018265,E01018265,E02003790,E02003790,E40000007,E00092124,E00092124,6B2,E10000003,"557159","1",E18000006,E07000012,"246490",E05011298,E04001814,E65000001,CB214AU,CB21 4AU,CB21 4AU,E14001481,E23000023,E12000006,D1,RLN1,E38000260,E30000186,"0",E33026172
"261543",E630,E35999999,E56000035,E58000073,E92000001,"202106",,E54000056,"32828",E07000012,52.0978775024414,E37000059,,0.287211000919342,E01018265,E01018265,E02003790,E02003790,E40000007,E00092112,E00092112,6B2,E10000003,"556765","1",E18000006,E07000012,"246859",E05011298,E04001814,E65000001,CB214AW,CB21 4AW,CB21 4AW,E14001481,E23000023,E12000006,D1,RLN1,E38000260,E30000186,"0",E33026169
"261544",E630,E35999999,E56000035,E58000073,E92000001,"202108",,E54000056,"22412",E07000012,52.0646209716797,E37000059,,0.377166986465454,E01018220,E01018220,E02003790,E02003790,E40000007,E00091902,E00091902,1B2,E10000003,"563047","1",E18000006,E07000012,"243359",E05011298,E04001769,E65000001,CB214AX,CB21 4AX,CB21 4AX,E14001481,E23000023,E12000006,E1,RSF1,E38000260,E30000186,"0",E33026168
"261545",E630,E35999999,E56000035,E58000073,E92000001,"202107",,E54000056,"32828",E07000012,52.0977783203125,E37000059,,0.29306098818779,E01018265,E01018265,E02003790,E02003790,E40000007,E00092112,E00092112,6B2,E10000003,"557166","1",E18000006,E07000012,"246861",E05011298,E04001814,E65000001,CB214AY,CB21 4AY,CB21 4AY,E14001481,E23000023,E12000006,D1,RLN1,E38000260,E30000186,"0",E33026169
"261546",E630,E35999999,E56000035,E58000073,E92000001,"202207",,E54000056,"32828",E07000012,52.0970802307129,E37000059,,0.293536007404327,E01018265,E01018265,E02003790,E02003790,E40000007,E00092112,E00092112,6B2,E10000003,"557201","1",E18000006,E07000012,"246784",E05011298,E04001814,E65000001,CB214AZ,CB21 4AZ,CB21 4AZ,E14001481,E23000023,E12000006,D1,RLN1,E38000260,E30000186,"0",E33026169
"261547",E630,E35999999,E56000035,E58000073,E92000001,"202108",,E54000056,"32828",E07000012,52.0966758728027,E37000059,,0.293078005313873,E01018265,E01018265,E02003790,E02003790,E40000007,E00092113,E00092113,6B2,E10000003,"557171","1",E18000006,E07000012,"246738",E05011298,E04001814,E65000001,CB214BA,CB21 4BA,CB21 4BA,E14001481,E23000023,E12000006,D1,RLN1,E38000260,E30000186,"0",E33026169
"261548",,E35999999,E56000035,E58000073,E92000001,"202107",,E54000056,"26328",E07000012,52.1210899353027,E37000059,,0.387636989355087,E01018219,E01018219,E02003790,E02003790,E40000007,E00091907,E00091907,1B1,E10000003,"563558","1",E18000006,E07000012,"249662",E05011282,E04001850,E65000001,CB214BB,CB21 4BB,CB21 4BB,E14001481,E23000023,E12000006,E1,RSN1,E38000260,E30000186,"0",E33026170
"261549",E630,E35999999,E56000035,E58000073,E92000001,"202303",,E54000056,"26328",E07000012,52.1330451965332,E37000059,,0.303420007228851,E01018219,E01018219,E02003790,E02003790,E40000007,E00091897,E00091897,1B2,E10000003,"557751","1",E18000006,E07000012,"250805",E05011282,E04001759,E65000001,CB214BE,CB21 4BE,CB21 4BE,E14001481,E23000023,E12000006,E1,RSN1,E38000260,E30000186,"0",E33026171
"261550",,E35999999,E56000035,E58000228,E92000001,"202403",,E54000056,"22412",E07000012,52.0646781921387,E37000059,,0.375259011983871,E01018220,E01018220,E02003790,E02003790,E40000007,E00091902,E00091902,1B2,E10000003,"562916","1",E18000006,E07000012,"243361",E05011298,E04001769,E65000001,CB214BF,CB21 4BF,CB21 4BF,E14001481,E23000023,E12000006,E1,RSF1,E38000260,E30000186,"0",E33026168
"261551",E630,E35999999,E56000035,E58000228,E92000001,"202409",,E54000056,"31437",E07000012,52.0963439941406,E37000059,,0.272444993257523,E01018263,E01018263,E02003790,E02003790,E40000007,E00092123,E00092123,5B3,E10000003,"555759","1",E18000006,E07000012,"246657",E05011298,E04001814,E65000001,CB214BG,CB21 4BG,CB21 4BG,E14001481,E23000023,E12000006,D1,RLN1,E38000260,E30000186,"0",E33023735
"261552",E630,E35999999,E56000035,E58000073,E92000001,"200609",,E54000056,"21728",E07000012,52.1323127746582,E37000059,,0.320172011852264,E01018218,E01018218,E02003790,E02003790,E40000007,E00091900,E00091900,6A3,E10000003,"558900","1",E18000006,E07000012,"250760",E05011282,E04001759,E65000001,CB214DG,CB21 4DG,CB21 4DG,E14001481,E23000023,E12000006,D1,RLN1,E38000260,E30000186,"0",E33026171
"261553",E630,E35999999,E56000035,E58000073,E92000001,"200609",,E54000056,"26328",E07000012,52.1317481994629,E37000059,,0.31725001335144,E01018219,E01018219,E02003790,E02003790,E40000007,E00091899,E00091899,1B1,E10000003,"558702","1",E18000006,E07000012,"250691",E05011282,E04001759,E65000001,CB214DJ,CB21 4DJ,CB21 4DJ,E14001481,E23000023,E12000006,D1,RLN1,E38000260,E30000186,"0",E33026170
"261554",E630,E35999999,E56000035,E58000073,E92000001,"200609",,E54000056,"26328",E07000012,52.1308708190918,E37000059,,0.317496985197067,E01018219,E01018219,E02003790,E02003790,E40000007,E00091897,E00091897,1B2,E10000003,"558722","1",E18000006,E07000012,"250594",E05011282,E04001759,E65000001,CB214DP,CB21 4DP,CB21 4DP,E14001481,E23000023,E12000006,E1,RSN1,E38000260,E30000186,"0",E33026171
"261555",E630,E35999999,E56000035,E58000073,E92000001,"200609",,E54000056,"21728",E07000012,52.1331748962402,E37000059,,0.316592991352081,E01018218,E01018218,E02003790,E02003790,E40000007,E00091896,E00091896,6A3,E10000003,"558652","1",E18000006,E07000012,"250848",E05011282,E04001759,E65000001,CB214DS,CB21 4DS,CB21 4DS,E14001481,E23000023,E12000006,D1,RLN1,E38000260,E30000186,"0",E33026171
"261556",E630,E35999999,E56000035,E58000073,E92000001,"200609",,E54000056,"26328",E07000012,52.1306457519531,E37000059,,0.31571701169014,E01018219,E01018219,E02003790,E02003790,E40000007,E00091897,E00091897,1B2,E10000003,"558601","1",E18000006,E07000012,"250565",E05011282,E04001759,E65000001,CB214DT,CB21 4DT,CB21 4DT,E14001481,E23000023,E12000006,E1,RSN1,E38000260,E30000186,"0",E33026171
"261557",,E35999999,E56000035,E58000073,E92000001,"200609",,E54000056,"26328",E07000012,52.1262893676758,E37000059,,0.312671005725861,E01018219,E01018219,E02003790,E02003790,E40000007,E00091899,E00091899,1B1,E10000003,"558408","1",E18000006,E07000012,"250074",E05011282,E04001759,E65000001,CB214DU,CB21 4DU,CB21 4DU,E14001481,E23000023,E12000006,D1,RLN1,E38000260,E30000186,"0",E33026170
"261558",E630,E35999999,E56000035,E58000073,E92000001,"200609",,E54000056,"21728",E07000012,52.1322975158691,E37000059,,0.317644000053406,E01018218,E01018218,E02003790,E02003790,E40000007,E00091896,E00091896,6A3,E10000003,"558727","1",E18000006,E07000012,"250753",E05011282,E04001759,E65000001,CB214DW,CB21 4DW,CB21 4DW,E14001481,E23000023,E12000006,D1,RLN1,E38000260,E30000186,"0",E33026171
"261559",E630,E35999999,E56000035,E58000073,E92000001,"200609",,E54000056,"21728",E07000012,52.1346282958984,E37000059,,0.320789992809296,E01018218,E01018218,E02003790,E02003790,E40000007,E00091900,E00091900,6A3,E10000003,"558934","1",E18000006,E07000012,"251019",E05011282,E04001759,E65000001,CB214DX,CB21 4DX,CB21 4DX,E14001481,E23000023,E12000006,D1,RLN1,E38000260,E30000186,"0",E33026171
"261560",E630,E35999999,E56000035,E58000073,E92000001,"200609",,E54000056,"21728",E07000012,52.1318969726562,E37000059,,0.321597009897232,E01018218,E01018218,E02003790,E02003790,E40000007,E00091900,E00091900,6A3,E10000003,"558999","1",E18000006,E07000012,"250717",E05011282,E04001759,E65000001,CB214DY,CB21 4DY,CB21 4DY,E14001481,E23000023,E12000006,D1,RLN1,E38000260,E30000186,"0",E33026171
"261561",E630,E35999999,E56000035,E58000073,E92000001,"200609",,E54000056,"26328",E07000012,52.1303672790527,E37000059,,0.32346099615097,E01018219,E01018219,E02003790,E02003790,E40000007,E00091898,E00091898,1B1,E10000003,"559132","1",E18000006,E07000012,"250551",E05011282,E04001759,E65000001,CB214DZ,CB21 4DZ,CB21 4DZ,E14001481,E23000023,E12000006,D1,RLN1,E38000260,E30000186,"0",E33026170
"261562",E630,E35999999,E56000035,E58000073,E92000001,"200609",,E54000056,"26328",E07000012,52.1305885314941,E37000059,,0.320491999387741,E01018219,E01018219,E02003790,E02003790,E40000007,E00091899,E00091899,1B1,E10000003,"558928","1",E18000006,E07000012,"250569",E05011282,E04001759,E65000001,CB214EA,CB21 4EA,CB21 4EA,E14001481,E23000023,E12000006,D1,RLN1,E38000260,E30000186,"0",E33026170
"261563",E630,E35999999,E56000035,E58000073,E92000001,"200609",,E54000056,"26328",E07000012,52.1302642822266,E37000059,,0.325019001960754,E01018219,E01018219,E02003790,E02003790,E40000007,E00091898,E00091898,1B1,E10000003,"559239","1",E18000006,E07000012,"250543",E05011282,E04001759,E65000001,CB214EB,CB21 4EB,CB21 4EB,E14001481,E23000023,E12000006,D1,RLN1,E38000260,E30000186,"0",E33026170
"261564",E630,E35999999,E56000035,E58000073,E92000001,"200609",,E54000056,"21728",E07000012,52.1293144226074,E37000059,,0.325334995985031,E01018218,E01018218,E02003790,E02003790,E40000007,E00091900,E00091900,6A3,E10000003,"559264","1",E18000006,E07000012,"250438",E05011282,E04001759,E65000001,CB214ED,CB21 4ED,CB21 4ED,E14001481,E23000023,E12000006,D1,RLN1,E38000260,E30000186,"0",E33026171
"261565",E630,E35999999,E56000035,E58000073,E92000001,"200609",,E54000056,"26328",E07000012,52.1291809082031,E37000059,,0.32294699549675,E01018219,E01018219,E02003790,E02003790,E40000007,E00091898,E00091898,1B1,E10000003,"559101","1",E18000006,E07000012,"250418",E05011282,E04001759,E65000001,CB214EE,CB21 4EE,CB21 4EE,E14001481,E23000023,E12000006,D1,RLN1,E38000260,E30000186,"0",E33026170
"261566",E630,E35999999,E56000035,E58000073,E92000001,"200609",,E54000056,"21728",E07000012,52.131290435791,E37000059,,0.32489800453186,E01018218,E01018218,E02003790,E02003790,E40000007,E00091900,E00091900,6A3,E10000003,"559227","1",E18000006,E07000012,"250657",E05011282,E04001759,E65000001,CB214EF,CB21 4EF,CB21 4EF,E14001481,E23000023,E12000006,D1,RLN1,E38000260,E30000186,"0",E33026171
"261567",E630,E35999999,E56000035,E58000073,E92000001,"200609",,E54000056,"21728",E07000012,52.1317901611328,E37000059,,0.323388993740082,E01018218,E01018218,E02003790,E02003790,E40000007,E00091900,E00091900,6A3,E10000003,"559122","1",E18000006,E07000012,"250709",E05011282,E04001759,E65000001,CB214EG,CB21 4EG,CB21 4EG,E14001481,E23000023,E12000006,D1,RLN1,E38000260,E30000186,"0",E33026171
"261568",E630,E35999999,E56000035,E58000073,E92000001,"200801",,E54000056,"26328",E07000012,52.1296768188477,E37000059,,0.321058005094528,E01018219,E01018219,E02003790,E02003790,E40000007,E00091898,E00091898,1B1,E10000003,"558970","1",E18000006,E07000012,"250469",E05011282,E04001759,E65000001,CB214EH,CB21 4EH,CB21 4EH,E14001481,E23000023,E12000006,D1,RLN1,E38000260,E30000186,"0",E33026170
"261569",E630,E35999999,E56000035,E58000073,E92000001,"200609",,E54000056,"26328",E07000012,52.1299743652344,E37000059,,0.319714993238449,E01018219,E01018219,E02003790,E02003790,E40000007,E00091898,E00091898,1B1,E10000003,"558877","1",E18000006,E07000012,"250499",E05011282,E04001759,E65000001,CB214EJ,CB21 4EJ,CB21 4EJ,E14001481,E23000023,E12000006,D1,RLN1,E38000260,E30000186,"0",E33026170
"261570",E630,E35999999,E56000035,E58000073,E92000001,"200609",,E54000056,"21728",E07000012,52.1329345703125,E37000059,,0.321900010108948,E01018218,E01018218,E02003790,E02003790,E40000007,E00091900,E00091900,6A3,E10000003,"559016","1",E18000006,E07000012,"250833",E05011282,E04001759,E65000001,CB214EL,CB21 4EL,CB21 4EL,E14001481,E23000023,E12000006,D1,RLN1,E38000260,E30000186,"0",E33026171
"261571",,E35999999,E56000035,E58000073,E92000001,"200609",,E54000056,"32828",E07000012,52.0774307250977,E37000059,,0.313282012939453,E01018265,E01018265,E02003790,E02003790,E40000007,E00092125,E00092125,1A3,E10000003,"558623","1",E18000006,E07000012,"244642",E05011298,E04001762,E65000001,CB214EN,CB21 4EN,CB21 4EN,E14001481,E23000023,E12000006,E1,RSF1,E38000260,E30000186,"1",E33026168
"261572",E630,E35999999,E56000035,E58000073,E92000001,"200609",,E54000056,"21728",E07000012,52.1330757141113,E37000059,,0.311459004878998,E01018218,E01018218,E02003790,E02003790,E40000007,E00091896,E00091896,6A3,E10000003,"558301","1",E18000006,E07000012,"250826",E05011282,E04001759,E65000001,CB214EP,CB21 4EP,CB21 4EP,E14001481,E23000023,E12000006,D1,RLN1,E38000260,E30000186,"0",E33026171
"261573",E630,E35999999,E56000035,E58000073,E92000001,"200609",,E54000056,"26328",E07000012,52.1303024291992,E37000059,,0.322142988443375,E01018219,E01018219,E02003790,E02003790,E40000007,E00091898,E00091898,1B1,E10000003,"559042","1",E18000006,E07000012,"250541",E05011282,E04001759,E65000001,CB214EQ,CB21 4EQ,CB21 4EQ,E14001481,E23000023,E12000006,D1,RLN1,E38000260,E30000186,"0",E33026170
"261574",E630,E35999999,E56000035,E58000073,E92000001,"200609",,E54000056,"26328",E07000012,52.1325302124023,E37000059,,0.313623011112213,E01018219,E01018219,E02003790,E02003790,E40000007,E00091899,E00091899,1B1,E10000003,"558451","1",E18000006,E07000012,"250770",E05011282,E04001759,E65000001,CB214ER,CB21 4ER,CB21 4ER,E14001481,E23000023,E12000006,D1,RLN1,E38000260,E30000186,"0",E33026170
"261575",E630,E35999999,E56000035,E58000073,E92000001,"200609",,E54000056,"21728",E07000012,52.1337966918945,E37000059,,0.314184993505478,E01018218,E01018218,E02003790,E02003790,E40000007,E00091896,E00091896,6A3,E10000003,"558485","1",E18000006,E07000012,"250912",E05011282,E04001759,E65000001,CB214ES,CB21 4ES,CB21 4ES,E14001481,E23000023,E12000006,D1,RLN1,E38000260,E30000186,"0",E33026171
"261576",E630,E35999999,E56000035,E58000073,E92000001,"200609",,E54000056,"21728",E07000012,52.134033203125,E37000059,,0.312604993581772,E01018218,E01018218,E02003790,E02003790,E40000007,E00091896,E00091896,6A3,E10000003,"558376","1",E18000006,E07000012,"250935",E05011282,E04001759,E65000001,CB214EU,CB21 4EU,CB21 4EU,E14001481,E23000023,E12000006,D1,RLN1,E38000260,E30000186,"0",E33026171
"261577",E630,E35999999,E56000035,E58000073,E92000001,"200609",,E54000056,"26328",E07000012,52.1351127624512,E37000059,,0.306757003068924,E01018219,E01018219,E02003790,E02003790,E40000007,E00091897,E00091897,1B2,E10000003,"557972","1",E18000006,E07000012,"251042",E05011282,E04001759,E65000001,CB214EW,CB21 4EW,CB21 4EW,E14001481,E23000023,E12000006,E1,RSN1,E38000260,E30000186,"0",E33026171
"261578",E630,E35999999,E56000035,E58000073,E92000001,"200609",,E54000056,"26328",E07000012,52.1352157592773,E37000059,,0.305972993373871,E01018219,E01018219,E02003790,E02003790,E40000007,E00091897,E00091897,1B2,E10000003,"557918","1",E18000006,E07000012,"251052",E05011282,E04001759,E65000001,CB214EZ,CB21 4EZ,CB21 4EZ,E14001481,E23000023,E12000006,E1,RSN1,E38000260,E30000186,"0",E33026171
"261579",E630,E35999999,E56000035,E58000073,E92000001,"200609",,E54000056,"31437",E07000012,52.0972023010254,E37000059,,0.271903991699219,E01018263,E01018263,E02003790,E02003790,E40000007,E00092123,E00092123,5B3,E10000003,"555719","1",E18000006,E07000012,"246751",E05011298,E04001814,E65000001,CB214FD,CB21 4FD,CB21 4FD,E14001481,E23000023,E12000006,D1,RLN1,E38000260,E30000186,"0",E33023735
"261580",E630,E35999999,E56000035,E58000073,E92000001,"200609",,E54000056,"26328",E07000012,52.1323356628418,E37000059,,0.305254012346268,E01018219,E01018219,E02003790,E02003790,E40000007,E00091897,E00091897,1B2,E10000003,"557879","1",E18000006,E07000012,"250730",E05011282,E04001759,E65000001,CB214HA,CB21 4HA,CB21 4HA,E14001481,E23000023,E12000006,E1,RSN1,E38000260,E30000186,"0",E33026171
"261581",,E35999999,E56000035,E58000228,E92000001,"201807",,E54000056,"26328",E07000012,52.1213645935059,E37000059,,0.303373008966446,E01018219,E01018219,E02003790,E02003790,E40000007,E00091899,E00091899,1B1,E10000003,"557789","1",E18000006,E07000012,"249506",E05011282,E04001759,E65000001,CB214HB,CB21 4HB,CB21 4HB,E14001481,E23000023,E12000006,D1,RLN1,E38000260,E30000186,"0",E33026170
"261582",E630,E35999999,E56000035,E58000073,E92000001,"200609",,E54000056,"26328",E07000012,52.1330032348633,E37000059,,0.304630994796753,E01018219,E01018219,E02003790,E02003790,E40000007,E00091897,E00091897,1B2,E10000003,"557834","1",E18000006,E07000012,"250803",E05011282,E04001759,E65000001,CB214HD,CB21 4HD,CB21 4HD,E14001481,E23000023,E12000006,E1,RSN1,E38000260,E30000186,"0",E33026171
"261583",,E35999999,E56000035,E58000073,E92000001,"200609",,E54000056,"26328",E07000012,52.150390625,E37000059,,0.270503997802734,E01018219,E01018219,E02003790,E02003790,E40000007,E00091897,E00091897,1B2,E10000003,"555438","1",E18000006,E07000012,"252663",E05011282,E04001759,E65000001,CB214HE,CB21 4HE,CB21 4HE,E14001481,E23000023,E12000006,E1,RSN1,E38000260,E30000186,"0",E33026171
"261584",,E35999999,E56000035,E58000073,E92000001,"200609",,E54000056,"26328",E07000012,52.1520195007324,E37000059,,0.27878800034523,E01018219,E01018219,E02003790,E02003790,E40000007,E00091897,E00091897,1B2,E10000003,"555999","1",E18000006,E07000012,"252862",E05011282,E04001759,E65000001,CB214HF,CB21 4HF,CB21 4HF,E14001481,E23000023,E12000006,E1,RSN1,E38000260,E30000186,"0",E33026171
"261585",E630,E35999999,E56000035,E58000073,E92000001,"200802",,E54000056,"31437",E07000012,52.096263885498,E37000059,,0.273885995149612,E01018263,E01018263,E02003790,E02003790,E40000007,E00092123,E00092123,5B3,E10000003,"555858","1",E18000006,E07000012,"246651",E05011298,E04001814,E65000001,CB214HG,CB21 4HG,CB21 4HG,E14001481,E23000023,E12000006,D1,RLN1,E38000260,E30000186,"0",E33023735
"261586",,E35999999,E56000035,E58000073,E92000001,"200609",,E54000056,"21728",E07000012,52.1639671325684,E37000059,,0.281372010707855,E01018218,E01018218,E02003790,E02003790,E40000007,E00091908,E00091908,1B2,E10000003,"556134","1",E18000006,E07000012,"254196",E05011282,E04001851,E65000001,CB214HH,CB21 4HH,CB21 4HH,E14001481,E23000023,E12000006,F1,RSN1,E38000260,E30000186,"0",E33026167
"261587",E630,E35999999,E56000035,E58000073,E92000001,"200609",,E54000056,"31437",E07000012,52.0960998535156,E37000059,,0.273148000240326,E01018263,E01018263,E02003790,E02003790,E40000007,E00092123,E00092123,5B3,E10000003,"555808","1",E18000006,E07000012,"246631",E05011298,E04001814,E65000001,CB214HJ,CB21 4HJ,CB21 4HJ,E14001481,E23000023,E12000006,D1,RLN1,E38000260,E30000186,"0",E33023735
"261588",E630,E35999999,E56000035,E58000073,E92000001,"200609",,E54000056,"26328",E07000012,52.1323051452637,E37000059,,0.307123005390167,E01018219,E01018219,E02003790,E02003790,E40000007,E00091897,E00091897,1B2,E10000003,"558007","1",E18000006,E07000012,"250731",E05011282,E04001759,E65000001,CB214HL,CB21 4HL,CB21 4HL,E14001481,E23000023,E12000006,E1,RSN1,E38000260,E30000186,"0",E33026171
"261589",,E35999999,E56000035,E58000073,E92000001,"200609",,E54000056,"21728",E07000012,52.1647796630859,E37000059,,0.263954013586044,E01018218,E01018218,E02003790,E02003790,E40000007,E00091908,E00091908,1B2,E10000003,"554940","1",E18000006,E07000012,"254249",E05011282,E04001851,E65000001,CB214HQ,CB21 4HQ,CB21 4HQ,E14001481,E23000023,E12000006,F1,RSN1,E38000260,E30000186,"0",E33026167
"261590",E630,E35999999,E56000035,E58000073,E92000001,"200609",,E54000056,"31437",E07000012,52.0971488952637,E37000059,,0.275931000709534,E01018263,E01018263,E02003790,E02003790,E40000007,E00092122,E00092122,6B2,E10000003,"555995","1",E18000006,E07000012,"246754",E05011298,E04001814,E65000001,CB214HS,CB21 4HS,CB21 4HS,E14001481,E23000023,E12000006,D1,RLN1,E38000260,E30000186,"0",E33026172
"261591",E630,E35999999,E56000035,E58000073,E92000001,"200609",,E54000056,"31437",E07000012,52.0965843200684,E37000059,,0.276443004608154,E01018263,E01018263,E02003790,E02003790,E40000007,E00092122,E00092122,6B2,E10000003,"556032","1",E18000006,E07000012,"246692",E05011298,E04001814,E65000001,CB214HT,CB21 4HT,CB21 4HT,E14001481,E23000023,E12000006,D1,RLN1,E38000260,E30000186,"0",E33026172
"261592",E630,E35999999,E56000035,E58000073,E92000001,"200609",,E54000056,"31437",E07000012,52.0972633361816,E37000059,,0.274740010499954,E01018263,E01018263,E02003790,E02003790,E40000007,E00092123,E00092123,5B3,E10000003,"555913","1",E18000006,E07000012,"246764",E05011298,E04001814,E65000001,CB214HU,CB21 4HU,CB21 4HU,E14001481,E23000023,E12000006,D1,RLN1,E38000260,E30000186,"0",E33023735
"261593",E630,E35999999,E56000035,E58000073,E92000001,"200609",,E54000056,"31437",E07000012,52.0982322692871,E37000059,,0.276161998510361,E01018263,E01018263,E02003790,E02003790,E40000007,E00092123,E00092123,5B3,E10000003,"556007","1",E18000006,E07000012,"246875",E05011298,E04001814,E65000001,CB214HX,CB21 4HX,CB21 4HX,E14001481,E23000023,E12000006,D1,RLN1,E38000260,E30000186,"0",E33023735
"261594",E630,E35999999,E56000035,E58000073,E92000001,"200609",,E54000056,"19982",E07000012,52.099536895752,E37000059,,0.276636987924576,E01018264,E01018264,E02003790,E02003790,E40000007,E00092111,E00092111,8A1,E10000003,"556035","1",E18000006,E07000012,"247021",E05011298,E04001814,E65000001,CB214HY,CB21 4HY,CB21 4HY,E14001481,E23000023,E12000006,D1,RLN1,E38000260,E30000186,"0",E33026172
"261595",E630,E35999999,E56000035,E58000073,E92000001,"200609",,E54000056,"31437",E07000012,52.1002311706543,E37000059,,0.2742780148983,E01018263,E01018263,E02003790,E02003790,E40000007,E00092116,E00092116,5B3,E10000003,"555871","1",E18000006,E07000012,"247093",E05011298,E04001814,E65000001,CB214JA,CB21 4JA,CB21 4JA,E14001481,E23000023,E12000006,D1,RLN1,E38000260,E30000186,"0",E33026173
"261596",E630,E35999999,E56000035,E58000073,E92000001,"200609",,E54000056,"31437",E07000012,52.0987777709961,E37000059,,0.271313011646271,E01018263,E01018263,E02003790,E02003790,E40000007,E00092116,E00092116,5B3,E10000003,"555673","1",E18000006,E07000012,"246925",E05011298,E04001814,E65000001,CB214JB,CB21 4JB,CB21 4JB,E14001481,E23000023,E12000006,D1,RLN1,E38000260,E30000186,"1",E33026173
"261597",E630,E35999999,E56000035,E58000073,E92000001,"200609",,E54000056,"31437",E07000012,52.1036605834961,E37000059,,0.268391996622086,E01018263,E01018263,E02003790,E02003790,E40000007,E00092116,E00092116,5B3,E10000003,"555456","1",E18000006,E07000012,"247462",E05011298,E04001814,E65000001,CB214JD,CB21 4JD,CB21 4JD,E14001481,E23000023,E12000006,D1,RLN1,E38000260,E30000186,"0",E33026173
"261598",E630,E35999999,E56000035,E58000073,E92000001,"200609",,E54000056,"19982",E07000012,52.0991897583008,E37000059,,0.278926014900208,E01018264,E01018264,E02003790,E02003790,E40000007,E00092111,E00092111,8A1,E10000003,"556193","1",E18000006,E07000012,"246987",E05011298,E04001814,E65000001,CB214JE,CB21 4JE,CB21 4JE,E14001481,E23000023,E12000006,D1,RLN1,E38000260,E30000186,"0",E33026172
"261599",E630,E35999999,E56000035,E58000073,E92000001,"200609",,E54000056,"19982",E07000012,52.1009216308594,E37000059,,0.277204006910324,E01018264,E01018264,E02003790,E02003790,E40000007,E00092117,E00092117,8C1,E10000003,"556069","1",E18000006,E07000012,"247176",E05011298,E04001814,E65000001,CB214JF,CB21 4JF,CB21 4JF,E14001481,E23000023,E12000006,D1,RLN1,E38000260,E30000186,"0",E33026169
"261600",E630,E35999999,E56000035,E58000073,E92000001,"200609",,E54000056,"19982",E07000012,52.1007118225098,E37000059,,0.276374995708466,E01018264,E01018264,E02003790,E02003790,E40000007,E00092111,E00092111,8A1,E10000003,"556013","1",E18000006,E07000012,"247151",E05011298,E04001814,E65000001,CB214JG,CB21 4JG,CB21 4JG,E14001481,E23000023,E12000006,D1,RLN1,E38000260,E30000186,"0",E33026172
"261601",E630,E35999999,E56000035,E58000073,E92000001,"200609",,E54000056,"19982",E07000012,52.1005935668945,E37000059,,0.282079011201859,E01018264,E01018264,E02003790,E02003790,E40000007,E00092118,E00092118,8A2,E10000003,"556404","1",E18000006,E07000012,"247150",E05011298,E04001814,E65000001,CB214JH,CB21 4JH,CB21 4JH,E14001481,E23000023,E12000006,D1,RLN1,E38000260,E30000186,"0",E33026169
"261602",E630,E35999999,E56000035,E58000073,E92000001,"200609",,E54000056,"31437",E07000012,52.0991821289062,E37000059,,0.28006500005722,E01018263,E01018263,E02003790,E02003790,E40000007,E00092122,E00092122,6B2,E10000003,"556271","1",E18000006,E07000012,"246989",E05011298,E04001814,E65000001,CB214JJ,CB21 4JJ,CB21 4JJ,E14001481,E23000023,E12000006,D1,RLN1,E38000260,E30000186,"0",E33026172
"261603",E630,E35999999,E56000035,E58000073,E92000001,"200609",,E54000056,"19982",E07000012,52.1018600463867,E37000059,,0.27462300658226,E01018264,E01018264,E02003790,E02003790,E40000007,E00092111,E00092111,8A1,E10000003,"555889","1",E18000006,E07000012,"247275",E05011298,E04001814,E65000001,CB214JL,CB21 4JL,CB21 4JL,E14001481,E23000023,E12000006,D1,RLN1,E38000260,E30000186,"0",E33026172
"261604",E630,E35999999,E56000035,E58000073,E92000001,"200609",,E54000056,"31437",E07000012,52.0958099365234,E37000059,,0.274053007364273,E01018263,E01018263,E02003790,E02003790,E40000007,E00092122,E00092122,6B2,E10000003,"555871","1",E18000006,E07000012,"246601",E05011298,E04001814,E65000001,CB214JN,CB21 4JN,CB21 4JN,E14001481,E23000023,E12000006,D1,RLN1,E38000260,E30000186,"0",E33026172
"261605",E630,E35999999,E56000035,E58000073,E92000001,"200609",,E54000056,"19982",E07000012,52.1022262573242,E37000059,,0.282716989517212,E01018264,E01018264,E02003790,E02003790,E40000007,E00092117,E00092117,8C1,E10000003,"556442","1",E18000006,E07000012,"247333",E05011298,E04001814,E65000001,CB214JP,CB21 4JP,CB21 4JP,E14001481,E23000023,E12000006,D1,RLN1,E38000260,E30000186,"0",E33026169
"261606",E630,E35999999,E56000035,E58000073,E92000001,"200609",,E54000056,"19982",E07000012,52.1014442443848,E37000059,,0.281742990016937,E01018264,E01018264,E02003790,E02003790,E40000007,E00092118,E00092118,8A2,E10000003,"556378","1",E18000006,E07000012,"247244",E05011298,E04001814,E65000001,CB214JQ,CB21 4JQ,CB21 4JQ,E14001481,E23000023,E12000006,D1,RLN1,E38000260,E30000186,"0",E33026169
"261607",E630,E35999999,E56000035,E58000073,E92000001,"200609",,E54000056,"31437",E07000012,52.0984077453613,E37000059,,0.278842985630035,E01018263,E01018263,E02003790,E02003790,E40000007,E00092122,E00092122,6B2,E10000003,"556190","1",E18000006,E07000012,"246900",E05011298,E04001814,E65000001,CB214JR,CB21 4JR,CB21 4JR,E14001481,E23000023,E12000006,D1,RLN1,E38000260,E30000186,"0",E33026172
"261608",E630,E35999999,E56000035,E58000073,E92000001,"200609",,E54000056,"31437",E07000012,52.0982360839844,E37000059,,0.279271990060806,E01018263,E01018263,E02003790,E02003790,E40000007,E00092122,E00092122,6B2,E10000003,"556220","1",E18000006,E07000012,"246882",E05011298,E04001814,E65000001,CB214JS,CB21 4JS,CB21 4JS,E14001481,E23000023,E12000006,D1,RLN1,E38000260,E30000186,"0",E33026172
"261609",E630,E35999999,E56000035,E58000073,E92000001,"200609",,E54000056,"32828",E07000012,52.0975685119629,E37000059,,0.282157987356186,E01018265,E01018265,E02003790,E02003790,E40000007,E00092114,E00092114,6B2,E10000003,"556420","1",E18000006,E07000012,"246814",E05011298,E04001814,E65000001,CB214JT,CB21 4JT,CB21 4JT,E14001481,E23000023,E12000006,D1,RLN1,E38000260,E30000186,"0",E33026172
"261610",E630,E35999999,E56000035,E58000073,E92000001,"200609",,E54000056,"31437",E07000012,52.0971870422363,E37000059,,0.275436997413635,E01018263,E01018263,E02003790,E02003790,E40000007,E00092122,E00092122,6B2,E10000003,"555961","1",E18000006,E07000012,"246757",E05011298,E04001814,E65000001,CB214JW,CB21 4JW,CB21 4JW,E14001481,E23000023,E12000006,D1,RLN1,E38000260,E30000186,"0",E33026172
"261611",E630,E35999999,E56000035,E58000073,E92000001,"200609",,E54000056,"31437",E07000012,52.0967712402344,E37000059,,0.278349995613098,E01018263,E01018263,E02003790,E02003790,E40000007,E00092122,E00092122,6B2,E10000003,"556162","1",E18000006,E07000012,"246717",E05011298,E04001814,E65000001,CB214JX,CB21 4JX,CB21 4JX,E14001481,E23000023,E12000006,D1,RLN1,E38000260,E30000186,"0",E33026172
"261612",E630,E35999999,E56000035,E58000073,E92000001,"200609",,E54000056,"32828",E07000012,52.096321105957,E37000059,,0.28158301115036,E01018265,E01018265,E02003790,E02003790,E40000007,E00092114,E00092114,6B2,E10000003,"556385","1",E18000006,E07000012,"246674",E05011298,E04001814,E65000001,CB214JY,CB21 4JY,CB21 4JY,E14001481,E23000023,E12000006,D1,RLN1,E38000260,E30000186,"0",E33026172
"261613",E630,E35999999,E56000035,E58000073,E92000001,"200609",,E54000056,"32828",E07000012,52.0969047546387,E37000059,,0.282577008008957,E01018265,E01018265,E02003790,E02003790,E40000007,E00092114,E00092114,6B2,E10000003,"556451","1",E18000006,E07000012,"246741",E05011298,E04001814,E65000001,CB214JZ,CB21 4JZ,CB21 4JZ,E14001481,E23000023,E12000006,D1,RLN1,E38000260,E30000186,"0",E33026172
"261614",E630,E35999999,E56000035,E58000073,E92000001,"200609",,E54000056,"32828",E07000012,52.0967674255371,E37000059,,0.283665001392365,E01018265,E01018265,E02003790,E02003790,E40000007,E00092114,E00092114,6B2,E10000003,"556526","1",E18000006,E07000012,"246728",E05011298,E04001814,E65000001,CB214LA,CB21 4LA,CB21 4LA,E14001481,E23000023,E12000006,D1,RLN1,E38000260,E30000186,"0",E33026172
"261615",E630,E35999999,E56000035,E58000073,E92000001,"200609",,E54000056,"32828",E07000012,52.0964431762695,E37000059,,0.28548800945282,E01018265,E01018265,E02003790,E02003790,E40000007,E00092114,E00092114,6B2,E10000003,"556652","1",E18000006,E07000012,"246696",E05011298,E04001814,E65000001,CB214LB,CB21 4LB,CB21 4LB,E14001481,E23000023,E12000006,D1,RLN1,E38000260,E30000186,"0",E33026172
"261616",E630,E35999999,E56000035,E58000073,E92000001,"200609",,E54000056,"19982",E07000012,52.099796295166,E37000059,,0.285176992416382,E01018264,E01018264,E02003790,E02003790,E40000007,E00092121,E00092121,8C1,E10000003,"556619","1",E18000006,E07000012,"247068",E05011298,E04001814,E65000001,CB214LD,CB21 4LD,CB21 4LD,E14001481,E23000023,E12000006,D1,RLN1,E38000260,E30000186,"0",E33026169
"261617",,E35999999,E56000035,E58000073,E92000001,"200609",,E54000056,"19982",E07000012,52.1080703735352,E37000059,,0.295605003833771,E01018264,E01018264,E02003790,E02003790,E40000007,E00092117,E00092117,8C1,E10000003,"557304","1",E18000006,E07000012,"248011",E05011298,E04001814,E65000001,CB214LE,CB21 4LE,CB21 4LE,E14001481,E23000023,E12000006,D1,RLN1,E38000260,E30000186,"0",E33026169
"261618",,E35999999,E56000035,E58000073,E92000001,"200609",,E54000056,"19982",E07000012,52.1078338623047,E37000059,,0.27394899725914,E01018264,E01018264,E02003790,E02003790,E40000007,E00092117,E00092117,8C1,E10000003,"555822","1",E18000006,E07000012,"247938",E05011298,E04001814,E65000001,CB214LF,CB21 4LF,CB21 4LF,E14001481,E23000023,E12000006,D1,RLN1,E38000260,E30000186,"0",E33026169
"261619",E630,E35999999,E56000035,E58000073,E92000001,"200609",,E54000056,"19982",E07000012,52.0983505249023,E37000059,,0.282665014266968,E01018264,E01018264,E02003790,E02003790,E40000007,E00092121,E00092121,8C1,E10000003,"556452","1",E18000006,E07000012,"246902",E05011298,E04001814,E65000001,CB214LG,CB21 4LG,CB21 4LG,E14001481,E23000023,E12000006,D1,RLN1,E38000260,E30000186,"0",E33026169
"261620",E630,E35999999,E56000035,E58000073,E92000001,"200609",,E54000056,"19982",E07000012,52.0995178222656,E37000059,,0.283176988363266,E01018264,E01018264,E02003790,E02003790,E40000007,E00092121,E00092121,8C1,E10000003,"556483","1",E18000006,E07000012,"247033",E05011298,E04001814,E65000001,CB214LH,CB21 4LH,CB21 4LH,E14001481,E23000023,E12000006,D1,RLN1,E38000260,E30000186,"0",E33026169
"261621",E630,E35999999,E56000035,E58000073,E92000001,"200609",,E54000056,"19982",E07000012,52.1009521484375,E37000059,,0.28431698679924,E01018264,E01018264,E02003790,E02003790,E40000007,E00092117,E00092117,8C1,E10000003,"556556","1",E18000006,E07000012,"247195",E05011298,E04001814,E65000001,CB214LJ,CB21 4LJ,CB21 4LJ,E14001481,E23000023,E12000006,D1,RLN1,E38000260,E30000186,"0",E33026169
"261622",E630,E35999999,E56000035,E58000073,E92000001,"200609",,E54000056,"19982",E07000012,52.1010131835938,E37000059,,0.286262005567551,E01018264,E01018264,E02003790,E02003790,E40000007,E00092117,E00092117,8C1,E10000003,"556689","1",E18000006,E07000012,"247206",E05011298,E04001814,E65000001,CB214LL,CB21 4LL,CB21 4LL,E14001481,E23000023,E12000006,D1,RLN1,E38000260,E30000186,"0",E33026169
"261623",,E35999999,E56000035,E58000073,E92000001,"200609",,E54000056,"31437",E07000012,52.0987777709961,E37000059,,0.263370007276535,E01018263,E01018263,E02003790,E02003790,E40000007,E00092123,E00092123,5B3,E10000003,"555129","1",E18000006,E07000012,"246908",E05011298,E04001814,E65000001,CB214LN,CB21 4LN,CB21 4LN,E14001481,E23000023,E12000006,D1,RLN1,E38000260,E30000186,"0",E33023735
"261624",E630,E35999999,E56000035,E58000073,E92000001,"200609",,E54000056,"32828",E07000012,52.0968818664551,E37000059,,0.284633994102478,E01018265,E01018265,E02003790,E02003790,E40000007,E00092114,E00092114,6B2,E10000003,"556592","1",E18000006,E07000012,"246743",E05011298,E04001814,E65000001,CB214LP,CB21 4LP,CB21 4LP,E14001481,E23000023,E12000006,D1,RLN1,E38000260,E30000186,"0",E33026172
"261625",,E35999999,E56000035,E58000228,E92000001,"200609",,E54000056,"31437",E07000012,52.1079444885254,E37000059,,0.268653005361557,E01018263,E01018263,E02003790,E02003790,E40000007,E00092110,E00092110,1B1,E10000003,"555459","1",E18000006,E07000012,"247939",E05011298,E04001804,E65000001,CB214LQ,CB21 4LQ,CB21 4LQ,E14001481,E23000023,E12000006,E1,RSN1,E38000260,E30000186,"0",E33026171
"261626",E630,E35999999,E56000035,E58000073,E92000001,"200609",,E54000056,"31437",E07000012,52.0986022949219,E37000059,,0.274383991956711,E01018263,E01018263,E02003790,E02003790,E40000007,E00092123,E00092123,5B3,E10000003,"555884","1",E18000006,E07000012,"246912",E05011298,E04001814,E65000001,CB214LR,CB21 4LR,CB21 4LR,E14001481,E23000023,E12000006,D1,RLN1,E38000260,E30000186,"0",E33023735
"261627",E630,E35999999,E56000035,E58000073,E92000001,"200609",,E54000056,"32828",E07000012,52.0958633422852,E37000059,,0.292757987976074,E01018265,E01018265,E02003790,E02003790,E40000007,E00092113,E00092113,6B2,E10000003,"557152","1",E18000006,E07000012,"246647",E05011298,E04001814,E65000001,CB214LS,CB21 4LS,CB21 4LS,E14001481,E23000023,E12000006,D1,RLN1,E38000260,E30000186,"0",E33026169
"261628",E630,E35999999,E56000035,E58000073,E92000001,"200609",,E54000056,"32828",E07000012,52.0974960327148,E37000059,,0.291893005371094,E01018265,E01018265,E02003790,E02003790,E40000007,E00092112,E00092112,6B2,E10000003,"557087","1",E18000006,E07000012,"246827",E05011298,E04001814,E65000001,CB214LT,CB21 4LT,CB21 4LT,E14001481,E23000023,E12000006,D1,RLN1,E38000260,E30000186,"0",E33026169
"261629",E630,E35999999,E56000035,E58000073,E92000001,"200609",,E54000056,"32828",E07000012,52.0979461669922,E37000059,,0.290091007947922,E01018265,E01018265,E02003790,E02003790,E40000007,E00092112,E00092112,6B2,E10000003,"556962","1",E18000006,E07000012,"246873",E05011298,E04001814,E65000001,CB214LU,CB21 4LU,CB21 4LU,E14001481,E23000023,E12000006,D1,RLN1,E38000260,E30000186,"0",E33026169
"261630",E630,E35999999,E56000035,E58000073,E92000001,"200609",,E54000056,"19982",E07000012,52.1011962890625,E37000059,,0.289790004491806,E01018264,E01018264,E02003790,E02003790,E40000007,E00092119,E00092119,5B3,E10000003,"556930","1",E18000006,E07000012,"247234",E05011298,E04001814,E65000001,CB214LW,CB21 4LW,CB21 4LW,E14001481,E23000023,E12000006,D1,RLN1,E38000260,E30000186,"0",E33026169
"261631",E630,E35999999,E56000035,E58000073,E92000001,"200609",,E54000056,"32828",E07000012,52.0973167419434,E37000059,,0.288672000169754,E01018265,E01018265,E02003790,E02003790,E40000007,E00092113,E00092113,6B2,E10000003,"556867","1",E18000006,E07000012,"246800",E05011298,E04001814,E65000001,CB214LX,CB21 4LX,CB21 4LX,E14001481,E23000023,E12000006,D1,RLN1,E38000260,E30000186,"0",E33026169
"261632",E630,E35999999,E56000035,E58000073,E92000001,"200609",,E54000056,"32828",E07000012,52.0960578918457,E37000059,,0.290008991956711,E01018265,E01018265,E02003790,E02003790,E40000007,E00092113,E00092113,6B2,E10000003,"556963","1",E18000006,E07000012,"246663",E05011298,E04001814,E65000001,CB214LY,CB21 4LY,CB21 4LY,E14001481,E23000023,E12000006,D1,RLN1,E38000260,E30000186,"0",E33026169
"261633",E630,E35999999,E56000035,E58000073,E92000001,"200609",,E54000056,"31437",E07000012,52.0966873168945,E37000059,,0.273775994777679,E01018263,E01018263,E02003790,E02003790,E40000007,E00092123,E00092123,5B3,E10000003,"555849","1",E18000006,E07000012,"246698",E05011298,E04001814,E65000001,CB214LZ,CB21 4LZ,CB21 4LZ,E14001481,E23000023,E12000006,D1,RLN1,E38000260,E30000186,"0",E33023735
"261634",E630,E35999999,E56000035,E58000073,E92000001,"200609",,E54000056,"32828",E07000012,52.0954093933105,E37000059,,0.294194996356964,E01018265,E01018265,E02003790,E02003790,E40000007,E00092113,E00092113,6B2,E10000003,"557252","1",E18000006,E07000012,"246600",E05011298,E04001814,E65000001,CB214NA,CB21 4NA,CB21 4NA,E14001481,E23000023,E12000006,D1,RLN1,E38000260,E30000186,"0",E33026169
"261635",E630,E35999999,E56000035,E58000073,E92000001,"200609",,E54000056,"32828",E07000012,52.0962371826172,E37000059,,0.287230014801025,E01018265,E01018265,E02003790,E02003790,E40000007,E00092114,E00092114,6B2,E10000003,"556772","1",E18000006,E07000012,"246677",E05011298,E04001814,E65000001,CB214NB,CB21 4NB,CB21 4NB,E14001481,E23000023,E12000006,D1,RLN1,E38000260,E30000186,"0",E33026172
"261636",E630,E35999999,E56000035,E58000073,E92000001,"200609",,E54000056,"32828",E07000012,52.0958480834961,E37000059,,0.289254009723663,E01018265,E01018265,E02003790,E02003790,E40000007,E00092124,E00092124,6B2,E10000003,"556912","1",E18000006,E07000012,"246638",E05011298,E04001814,E65000001,CB214ND,CB21 4ND,CB21 4ND,E14001481,E23000023,E12000006,D1,RLN1,E38000260,E30000186,"0",E33026172
"261637",E630,E35999999,E56000035,E58000073,E92000001,"200609",,E54000056,"32828",E07000012,52.0953941345215,E37000059,,0.289945989847183,E01018265,E01018265,E02003790,E02003790,E40000007,E00092124,E00092124,6B2,E10000003,"556961","1",E18000006,E07000012,"246589",E05011298,E04001814,E65000001,CB214NE,CB21 4NE,CB21 4NE,E14001481,E23000023,E12000006,D1,RLN1,E38000260,E30000186,"0",E33026172
"261638",E630,E35999999,E56000035,E58000073,E92000001,"200609",,E54000056,"32828",E07000012,52.096866607666,E37000059,,0.290109008550644,E01018265,E01018265,E02003790,E02003790,E40000007,E00092113,E00092113,6B2,E10000003,"556967","1",E18000006,E07000012,"246753",E05011298,E04001814,E65000001,CB214NF,CB21 4NF,CB21 4NF,E14001481,E23000023,E12000006,D1,RLN1,E38000260,E30000186,"0",E33026169
"261639",E630,E35999999,E56000035,E58000073,E92000001,"200609",,E54000056,"32828",E07000012,52.0961723327637,E37000059,,0.292059004306793,E01018265,E01018265,E02003790,E02003790,E40000007,E00092113,E00092113,6B2,E10000003,"557103","1",E18000006,E07000012,"246680",E05011298,E04001814,E65000001,CB214NG,CB21 4NG,CB21 4NG,E14001481,E23000023,E12000006,D1,RLN1,E38000260,E30000186,"0",E33026169
"261640",E630,E35999999,E56000035,E58000073,E92000001,"200609",,E54000056,"31437",E07000012,52.0986061096191,E37000059,,0.273158013820648,E01018263,E01018263,E02003790,E02003790,E40000007,E00092123,E00092123,5B3,E10000003,"555800","1",E18000006,E07000012,"246910",E05011298,E04001814,E65000001,CB214NH,CB21 4NH,CB21 4NH,E14001481,E23000023,E12000006,D1,RLN1,E38000260,E30000186,"0",E33023735
"261642",,E35999999,E56000035,E58000073,E92000001,"200609",,E54000056,"32828",E07000012,52.0937271118164,E37000059,,0.279859989881516,E01018265,E01018265,E02003790,E02003790,E40000007,E00092124,E00092124,6B2,E10000003,"556276","1",E18000006,E07000012,"246382",E05011298,E04001814,E65000001,CB214NL,CB21 4NL,CB21 4NL,E14001481,E23000023,E12000006,D1,RLN1,E38000260,E30000186,"0",E33026172
"261643",E630,E35999999,E56000035,E58000228,E92000001,"200609",,E54000056,"31437",E07000012,52.0958671569824,E37000059,,0.272888004779816,E01018263,E01018263,E02003790,E02003790,E40000007,E00092123,E00092123,5B3,E10000003,"555791","1",E18000006,E07000012,"246605",E05011298,E04001814,E65000001,CB214NN,CB21 4NN,CB21 4NN,E14001481,E23000023,E12000006,D1,RLN1,E38000260,E30000186,"0",E33023735
"261644",E630,E35999999,E56000035,E58000073,E92000001,"200609",,E54000056,"31437",E07000012,52.0975151062012,E37000059,,0.272796005010605,E01018263,E01018263,E02003790,E02003790,E40000007,E00092123,E00092123,5B3,E10000003,"555779","1",E18000006,E07000012,"246788",E05011298,E04001814,E65000001,CB214NP,CB21 4NP,CB21 4NP,E14001481,E23000023,E12000006,D1,RLN1,E38000260,E30000186,"0",E33023735
"261645",E630,E35999999,E56000035,E58000073,E92000001,"200609",,E54000056,"32828",E07000012,52.0972442626953,E37000059,,0.289676010608673,E01018265,E01018265,E02003790,E02003790,E40000007,E00092113,E00092113,6B2,E10000003,"556936","1",E18000006,E07000012,"246794",E05011298,E04001814,E65000001,CB214NQ,CB21 4NQ,CB21 4NQ,E14001481,E23000023,E12000006,D1,RLN1,E38000260,E30000186,"0",E33026169
"261646",E630,E35999999,E56000035,E58000073,E92000001,"200609",,E54000056,"31437",E07000012,52.0947113037109,E37000059,,0.274215996265411,E01018263,E01018263,E02003790,E02003790,E40000007,E00092122,E00092122,6B2,E10000003,"555886","1",E18000006,E07000012,"246479",E05011298,E04001814,E65000001,CB214NR,CB21 4NR,CB21 4NR,E14001481,E23000023,E12000006,D1,RLN1,E38000260,E30000186,"0",E33026172
"261647",,E35999999,E56000035,E58000073,E92000001,"200609",,E54000056,"32828",E07000012,52.0922164916992,E37000059,,0.284148007631302,E01018265,E01018265,E02003790,E02003790,E40000007,E00092124,E00092124,6B2,E10000003,"556575","1",E18000006,E07000012,"246223",E05011298,E04001814,E65000001,CB214NS,CB21 4NS,CB21 4NS,E14001481,E23000023,E12000006,D1,RLN1,E38000260,E30000186,"0",E33026172
"261648",E630,E35999999,E56000035,E58000073,E92000001,"200609",,E54000056,"31437",E07000012,52.0918083190918,E37000059,,0.272228986024857,E01018263,E01018263,E02003790,E02003790,E40000007,E00092123,E00092123,5B3,E10000003,"555760","1",E18000006,E07000012,"246152",E05011298,E04001814,E65000001,CB214NT,CB21 4NT,CB21 4NT,E14001481,E23000023,E12000006,D1,RLN1,E38000260,E30000186,"0",E33023735
"261650",E630,E35999999,E56000035,E58000073,E92000001,"200609",,E54000056,"31437",E07000012,52.0957832336426,E37000059,,0.269802987575531,E01018263,E01018263,E02003790,E02003790,E40000007,E00092123,E00092123,5B3,E10000003,"555580","1",E18000006,E07000012,"246589",E05011298,E04001814,E65000001,CB214NW,CB21 4NW,CB21 4NW,E14001481,E23000023,E12000006,D1,RLN1,E38000260,E30000186,"0",E33023735
"261661",,E35999999,E56000035,E58000073,E92000001,"200609",,E54000056,"32828",E07000012,52.0825843811035,E37000059,,0.31283301115036,E01018265,E01018265,E02003790,E02003790,E40000007,E00092125,E00092125,1A3,E10000003,"558574","1",E18000006,E07000012,"245214",E05011298,E04001762,E65000001,CB214PL,CB21 4PL,CB21 4PL,E14001481,E23000023,E12000006,E1,RSF1,E38000260,E30000186,"0",E33026168
"261662",,E35999999,E56000035,E58000073,E92000001,"200609",,E54000056,"32828",E07000012,52.0910949707031,E37000059,,0.297958999872208,E01018265,E01018265,E02003790,E02003790,E40000007,E00092125,E00092125,1A3,E10000003,"557525","1",E18000006,E07000012,"246128",E05011298,E04001814,E65000001,CB214PN,CB21 4PN,CB21 4PN,E14001481,E23000023,E12000006,E1,RSF1,E38000260,E30000186,"0",E33026168
"261663",,E35999999,E56000035,E58000073,E92000001,"200609",,E54000056,"32828",E07000012,52.0826683044434,E37000059,,0.313495010137558,E01018265,E01018265,E02003790,E02003790,E40000007,E00092125,E00092125,1A3,E10000003,"558619","1",E18000006,E07000012,"245225",E05011298,E04001762,E65000001,CB214PP,CB21 4PP,CB21 4PP,E14001481,E23000023,E12000006,E1,RSF1,E38000260,E30000186,"0",E33026168
"261665",,E35999999,E56000035,E58000073,E92000001,"200609",,E54000056,"32828",E07000012,52.0792121887207,E37000059,,0.332026988267899,E01018265,E01018265,E02003790,E02003790,E40000007,E00092125,E00092125,1A3,E10000003,"559901","1",E18000006,E07000012,"244881",E05011298,E04001762,E65000001,CB214PR,CB21 4PR,CB21 4PR,E14001481,E23000023,E12000006,E1,RSF1,E38000260,E30000186,"0",E33026168
"261666",,E35999999,E56000035,E58000228,E92000001,"200609",,E54000056,"32828",E07000012,52.0842704772949,E37000059,,0.312016010284424,E01018265,E01018265,E02003790,E02003790,E40000007,E00092125,E00092125,1A3,E10000003,"558512","1",E18000006,E07000012,"245400",E05011298,E04001762,E65000001,CB214PS,CB21 4PS,CB21 4PS,E14001481,E23000023,E12000006,E1,RSF1,E38000260,E30000186,"0",E33026168
"261667",,E35999999,E56000035,E58000073,E92000001,"200609",,E54000056,"22412",E07000012,52.1045303344727,E37000059,,0.323913991451263,E01018220,E01018220,E02003790,E02003790,E40000007,E00091904,E00091904,1B2,E10000003,"559255","1",E18000006,E07000012,"247679",E05011282,E04001808,E65000001,CB214PT,CB21 4PT,CB21 4PT,E14001481,E23000023,E12000006,E1,RSF1,E38000260,E30000186,"0",E33026166
"261668",,E35999999,E56000035,E58000073,E92000001,"200609",,E54000056,"32828",E07000012,52.0814018249512,E37000059,,0.310815989971161,E01018265,E01018265,E02003790,E02003790,E40000007,E00092125,E00092125,1A3,E10000003,"558440","1",E18000006,E07000012,"245078",E05011298,E04001762,E65000001,CB214PW,CB21 4PW,CB21 4PW,E14001481,E23000023,E12000006,E1,RSF1,E38000260,E30000186,"0",E33026168
"261669",,E35999999,E56000035,E58000073,E92000001,"200609",,E54000056,"32828",E07000012,52.0824317932129,E37000059,,0.311877012252808,E01018265,E01018265,E02003790,E02003790,E40000007,E00092125,E00092125,1A3,E10000003,"558509","1",E18000006,E07000012,"245195",E05011298,E04001762,E65000001,CB214PY,CB21 4PY,CB21 4PY,E14001481,E23000023,E12000006,E1,RSF1,E38000260,E30000186,"0",E33026168
"261670",E630,E35999999,E56000035,E58000073,E92000001,"200609",,E54000056,"22412",E07000012,52.1011657714844,E37000059,,0.354039013385773,E01018220,E01018220,E02003790,E02003790,E40000007,E00091904,E00091904,1B2,E10000003,"561330","1",E18000006,E07000012,"247371",E05011282,E04001808,E65000001,CB214QA,CB21 4QA,CB21 4QA,E14001481,E23000023,E12000006,E1,RSF1,E38000260,E30000186,"0",E33026166
"261671",E630,E35999999,E56000035,E58000073,E92000001,"200609",,E54000056,"22412",E07000012,52.1006546020508,E37000059,,0.352580994367599,E01018220,E01018220,E02003790,E02003790,E40000007,E00091904,E00091904,1B2,E10000003,"561232","1",E18000006,E07000012,"247311",E05011282,E04001808,E65000001,CB214QB,CB21 4QB,CB21 4QB,E14001481,E23000023,E12000006,E1,RSF1,E38000260,E30000186,"0",E33026166
"261672",E630,E35999999,E56000035,E58000228,E92000001,"200609",,E54000056,"22412",E07000012,52.1012191772461,E37000059,,0.353062987327576,E01018220,E01018220,E02003790,E02003790,E40000007,E00091904,E00091904,1B2,E10000003,"561263","1",E18000006,E07000012,"247375",E05011282,E04001808,E65000001,CB214QD,CB21 4QD,CB21 4QD,E14001481,E23000023,E12000006,E1,RSF1,E38000260,E30000186,"0",E33026166
"261673",E630,E35999999,E56000035,E58000073,E92000001,"200609",,E54000056,"22412",E07000012,52.1005783081055,E37000059,,0.351379990577698,E01018220,E01018220,E02003790,E02003790,E40000007,E00091904,E00091904,1B2,E10000003,"561150","1",E18000006,E07000012,"247300",E05011282,E04001808,E65000001,CB214QE,CB21 4QE,CB21 4QE,E14001481,E23000023,E12000006,E1,RSF1,E38000260,E30000186,"0",E33026166
"261674",E630,E35999999,E56000035,E58000073,E92000001,"200609",,E54000056,"22412",E07000012,52.0995407104492,E37000059,,0.349382996559143,E01018220,E01018220,E02003790,E02003790,E40000007,E00091904,E00091904,1B2,E10000003,"561017","1",E18000006,E07000012,"247180",E05011282,E04001808,E65000001,CB214QF,CB21 4QF,CB21 4QF,E14001481,E23000023,E12000006,E1,RSF1,E38000260,E30000186,"0",E33026166
"261675",,E35999999,E56000035,E58000073,E92000001,"200609",,E54000056,"22412",E07000012,52.097957611084,E37000059,,0.3731290102005,E01018220,E01018220,E02003790,E02003790,E40000007,E00091904,E00091904,1B2,E10000003,"562649","1",E18000006,E07000012,"247057",E05011282,E04001808,E65000001,CB214QG,CB21 4QG,CB21 4QG,E14001481,E23000023,E12000006,E1,RSF1,E38000260,E30000186,"0",E33026166
"261676",E630,E35999999,E56000035,E58000073,E92000001,"200609",,E54000056,"22412",E07000012,52.0746383666992,E37000059,,0.361997008323669,E01018220,E01018220,E02003790,E02003790,E40000007,E00091905,E00091905,1B2,E10000003,"561971","1",E18000006,E07000012,"244439",E05011298,E04001839,E65000001,CB214QH,CB21 4QH,CB21 4QH,E14001481,E23000023,E12000006,F1,RSF1,E38000260,E30000186,"0",E33026166
"261677",E630,E35999999,E56000035,E58000228,E92000001,"200609",,E54000056,"22412",E07000012,52.0988426208496,E37000059,,0.354120999574661,E01018220,E01018220,E02003790,E02003790,E40000007,E00091904,E00091904,1B2,E10000003,"561344","1",E18000006,E07000012,"247113",E05011282,E04001808,E65000001,CB214QN,CB21 4QN,CB21 4QN,E14001481,E23000023,E12000006,E1,RSF1,E38000260,E30000186,"0",E33026166
"261678",,E35999999,E56000035,E58000073,E92000001,"200609",,E54000056,"22412",E07000012,52.1000556945801,E37000059,,0.325711011886597,E01018220,E01018220,E02003790,E02003790,E40000007,E00091904,E00091904,1B2,E10000003,"559394","1",E18000006,E07000012,"247185",E05011282,E04001808,E65000001,CB214QP,CB21 4QP,CB21 4QP,E14001481,E23000023,E12000006,E1,RSF1,E38000260,E30000186,"0",E33026166
"261679",E630,E35999999,E56000035,E58000073,E92000001,"200609",,E54000056,"22412",E07000012,52.1001281738281,E37000059,,0.353706985712051,E01018220,E01018220,E02003790,E02003790,E40000007,E00091904,E00091904,1B2,E10000003,"561311","1",E18000006,E07000012,"247255",E05011282,E04001808,E65000001,CB214QQ,CB21 4QQ,CB21 4QQ,E14001481,E23000023,E12000006,E1,RSF1,E38000260,E30000186,"0",E33026166
"261680",E630,E35999999,E56000035,E58000073,E92000001,"200609",,E54000056,"22412",E07000012,52.0985298156738,E37000059,,0.355783998966217,E01018220,E01018220,E02003790,E02003790,E40000007,E00091904,E00091904,1B2,E10000003,"561459","1",E18000006,E07000012,"247082",E05011282,E04001808,E65000001,CB214QR,CB21 4QR,CB21 4QR,E14001481,E23000023,E12000006,E1,RSF1,E38000260,E30000186,"0",E33026166
"261681",E630,E35999999,E56000035,E58000073,E92000001,"200609",,E54000056,"22412",E07000012,52.0994415283203,E37000059,,0.354268997907639,E01018220,E01018220,E02003790,E02003790,E40000007,E00091904,E00091904,1B2,E10000003,"561352","1",E18000006,E07000012,"247180",E05011282,E04001808,E65000001,CB214QS,CB21 4QS,CB21 4QS,E14001481,E23000023,E12000006,E1,RSF1,E38000260,E30000186,"0",E33026166
"261682",E630,E35999999,E56000035,E58000228,E92000001,"200609",,E54000056,"22412",E07000012,52.098934173584,E37000059,,0.35503101348877,E01018220,E01018220,E02003790,E02003790,E40000007,E00091904,E00091904,1B2,E10000003,"561406","1",E18000006,E07000012,"247125",E05011282,E04001808,E65000001,CB214QT,CB21 4QT,CB21 4QT,E14001481,E23000023,E12000006,E1,RSF1,E38000260,E30000186,"0",E33026166
"261683",E630,E35999999,E56000035,E58000073,E92000001,"200609",,E54000056,"22412",E07000012,52.098503112793,E37000059,,0.356175988912582,E01018220,E01018220,E02003790,E02003790,E40000007,E00091904,E00091904,1B2,E10000003,"561486","1",E18000006,E07000012,"247080",E05011282,E04001808,E65000001,CB214QU,CB21 4QU,CB21 4QU,E14001481,E23000023,E12000006,E1,RSF1,E38000260,E30000186,"0",E33026166
"261684",,E35999999,E56000035,E58000073,E92000001,"200609",,E54000056,"22412",E07000012,52.0928573608398,E37000059,,0.357075989246368,E01018220,E01018220,E02003790,E02003790,E40000007,E00091904,E00091904,1B2,E10000003,"561568","1",E18000006,E07000012,"246454",E05011282,E04001808,E65000001,CB214QX,CB21 4QX,CB21 4QX,E14001481,E23000023,E12000006,E1,RSF1,E38000260,E30000186,"0",E33026166
"261685",,E35999999,E56000035,E58000073,E92000001,"200609",,E54000056,"22412",E07000012,52.091854095459,E37000059,,0.363709002733231,E01018220,E01018220,E02003790,E02003790,E40000007,E00091904,E00091904,1B2,E10000003,"562026","1",E18000006,E07000012,"246357",E05011282,E04001808,E65000001,CB214QY,CB21 4QY,CB21 4QY,E14001481,E23000023,E12000006,E1,RSF1,E38000260,E30000186,"0",E33026166
"261686",,E35999999,E56000035,E58000073,E92000001,"200609",,E54000056,"22412",E07000012,52.084098815918,E37000059,,0.368247985839844,E01018220,E01018220,E02003790,E02003790,E40000007,E00091905,E00091905,1B2,E10000003,"562365","1",E18000006,E07000012,"245505",E05011298,E04001839,E65000001,CB214QZ,CB21 4QZ,CB21 4QZ,E14001481,E23000023,E12000006,F1,RSF1,E38000260,E30000186,"0",E33026166
"261687",E630,E35999999,E56000035,E58000228,E92000001,"200609",,E54000056,"22412",E07000012,52.0795555114746,E37000059,,0.356301993131638,E01018220,E01018220,E02003790,E02003790,E40000007,E00091905,E00091905,1B2,E10000003,"561563","1",E18000006,E07000012,"244973",E05011298,E04001839,E65000001,CB214RA,CB21 4RA,CB21 4RA,E14001481,E23000023,E12000006,F1,RSF1,E38000260,E30000186,"0",E33026166
"261688",E630,E35999999,E56000035,E58000073,E92000001,"200609",,E54000056,"22412",E07000012,52.0749626159668,E37000059,,0.361591011285782,E01018220,E01018220,E02003790,E02003790,E40000007,E00091905,E00091905,1B2,E10000003,"561942","1",E18000006,E07000012,"244474",E05011298,E04001839,E65000001,CB214RB,CB21 4RB,CB21 4RB,E14001481,E23000023,E12000006,F1,RSF1,E38000260,E30000186,"0",E33026166
"261689",,E35999999,E56000035,E58000073,E92000001,"200609",,E54000056,"22412",E07000012,52.0768165588379,E37000059,,0.367731004953384,E01018220,E01018220,E02003790,E02003790,E40000007,E00091905,E00091905,1B2,E10000003,"562356","1",E18000006,E07000012,"244694",E05011298,E04001839,E65000001,CB214RD,CB21 4RD,CB21 4RD,E14001481,E23000023,E12000006,F1,RSF1,E38000260,E30000186,"0",E33026166
"261690",,E35999999,E56000035,E58000073,E92000001,"200609",,E54000056,"22412",E07000012,52.0786399841309,E37000059,,0.374949991703033,E01018220,E01018220,E02003790,E02003790,E40000007,E00091905,E00091905,1B2,E10000003,"562844","1",E18000006,E07000012,"244913",E05011298,E04001839,E65000001,CB214RE,CB21 4RE,CB21 4RE,E14001481,E23000023,E12000006,F1,RSF1,E38000260,E30000186,"0",E33026166
"261691",,E35999999,E56000035,E58000073,E92000001,"200609",,E54000056,"22412",E07000012,52.0935401916504,E37000059,,0.369302988052368,E01018220,E01018220,E02003790,E02003790,E40000007,E00091904,E00091904,1B2,E10000003,"562403","1",E18000006,E07000012,"246557",E05011282,E04001808,E65000001,CB214RF,CB21 4RF,CB21 4RF,E14001481,E23000023,E12000006,E1,RSF1,E38000260,E30000186,"0",E33026166
"261692",,E35999999,E56000035,E58000073,E92000001,"200609",,E54000056,"22412",E07000012,52.0974235534668,E37000059,,0.383540004491806,E01018220,E01018220,E02003790,E02003790,E40000007,E00091904,E00091904,1B2,E10000003,"563364","1",E18000006,E07000012,"247021",E05011282,E04001808,E65000001,CB214RG,CB21 4RG,CB21 4RG,E14001481,E23000023,E12000006,E1,RSF1,E38000260,E30000186,"0",E33026166
"261693",E630,E35999999,E56000035,E58000073,E92000001,"200609",,E54000056,"22412",E07000012,52.0748138427734,E37000059,,0.366237998008728,E01018220,E01018220,E02003790,E02003790,E40000007,E00091905,E00091905,1B2,E10000003,"562261","1",E18000006,E07000012,"244468",E05011298,E04001839,E65000001,CB214RH,CB21 4RH,CB21 4RH,E14001481,E23000023,E12000006,F1,RSF1,E38000260,E30000186,"0",E33026166
"261694",E630,E35999999,E56000035,E58000073,E92000001,"200609",,E54000056,"22412",E07000012,52.0802001953125,E37000059,,0.350497990846634,E01018220,E01018220,E02003790,E02003790,E40000007,E00091905,E00091905,1B2,E10000003,"561163","1",E18000006,E07000012,"245032",E05011298,E04001839,E65000001,CB214RJ,CB21 4RJ,CB21 4RJ,E14001481,E23000023,E12000006,F1,RSF1,E38000260,E30000186,"0",E33026166
"261695",E630,E35999999,E56000035,E58000073,E92000001,"200609",,E54000056,"22412",E07000012,52.077751159668,E37000059,,0.362408995628357,E01018220,E01018220,E02003790,E02003790,E40000007,E00091905,E00091905,1B2,E10000003,"561988","1",E18000006,E07000012,"244786",E05011298,E04001839,E65000001,CB214RN,CB21 4RN,CB21 4RN,E14001481,E23000023,E12000006,F1,RSF1,E38000260,E30000186,"0",E33026166
"261696",,E35999999,E56000035,E58000073,E92000001,"200609",,E54000056,"26328",E07000012,52.1079864501953,E37000059,,0.35699799656868,E01018219,E01018219,E02003790,E02003790,E40000007,E00091907,E00091907,1B1,E10000003,"561508","1",E18000006,E07000012,"248136",E05011282,E04001850,E65000001,CB214RP,CB21 4RP,CB21 4RP,E14001481,E23000023,E12000006,E1,RSN1,E38000260,E30000186,"0",E33026170
"261697",E630,E35999999,E56000035,E58000073,E92000001,"200609",,E54000056,"22412",E07000012,52.075927734375,E37000059,,0.363305002450943,E01018220,E01018220,E02003790,E02003790,E40000007,E00091905,E00091905,1B2,E10000003,"562056","1",E18000006,E07000012,"244585",E05011298,E04001839,E65000001,CB214RQ,CB21 4RQ,CB21 4RQ,E14001481,E23000023,E12000006,F1,RSF1,E38000260,E30000186,"0",E33026166
"261698",,E35999999,E56000035,E58000073,E92000001,"200609",,E54000056,"26328",E07000012,52.1090393066406,E37000059,,0.342462986707687,E01018219,E01018219,E02003790,E02003790,E40000007,E00091907,E00091907,1B1,E10000003,"560509","1",E18000006,E07000012,"248221",E05011282,E04001850,E65000001,CB214RR,CB21 4RR,CB21 4RR,E14001481,E23000023,E12000006,E1,RSN1,E38000260,E30000186,"0",E33026170
"261699",,E35999999,E56000035,E58000073,E92000001,"200609",,E54000056,"26328",E07000012,52.1095886230469,E37000059,,0.360529005527496,E01018219,E01018219,E02003790,E02003790,E40000007,E00091907,E00091907,1B1,E10000003,"561744","1",E18000006,E07000012,"248322",E05011282,E04001850,E65000001,CB214RS,CB21 4RS,CB21 4RS,E14001481,E23000023,E12000006,E1,RSN1,E38000260,E30000186,"0",E33026170
"261700",,E35999999,E56000035,E58000228,E92000001,"200609",,E54000056,"26328",E07000012,52.1148910522461,E37000059,,0.369515001773834,E01018219,E01018219,E02003790,E02003790,E40000007,E00091907,E00091907,1B1,E10000003,"562340","1",E18000006,E07000012,"248932",E05011282,E04001850,E65000001,CB214RT,CB21 4RT,CB21 4RT,E14001481,E23000023,E12000006,E1,RSN1,E38000260,E30000186,"0",E33026170
"261701",E630,E35999999,E56000035,E58000073,E92000001,"200909",,E54000056,"22412",E07000012,52.0748558044434,E37000059,,0.362051993608475,E01018220,E01018220,E02003790,E02003790,E40000007,E00091905,E00091905,1B2,E10000003,"561974","1",E18000006,E07000012,"244463",E05011298,E04001839,E65000001,CB214RU,CB21 4RU,CB21 4RU,E14001481,E23000023,E12000006,F1,RSF1,E38000260,E30000186,"0",E33026166
"261702",E630,E35999999,E56000035,E58000073,E92000001,"200609",,E54000056,"22412",E07000012,52.0647010803223,E37000059,,0.381300002336502,E01018220,E01018220,E02003790,E02003790,E40000007,E00091903,E00091903,1B1,E10000003,"563330","1",E18000006,E07000012,"243377",E05011298,E04001769,E65000001,CB214RW,CB21 4RW,CB21 4RW,E14001481,E23000023,E12000006,E1,RSF1,E38000260,E30000186,"0",E33026168
"261703",,E35999999,E56000035,E58000073,E92000001,"200609",,E54000056,"26328",E07000012,52.1209106445312,E37000059,,0.346051007509232,E01018219,E01018219,E02003790,E02003790,E40000007,E00091907,E00091907,1B1,E10000003,"560712","1",E18000006,E07000012,"249549",E05011282,E04001850,E65000001,CB214RX,CB21 4RX,CB21 4RX,E14001481,E23000023,E12000006,E1,RSN1,E38000260,E30000186,"0",E33026170
"261704",E630,E35999999,E56000035,E58000073,E92000001,"200609",,E54000056,"26328",E07000012,52.118335723877,E37000059,,0.356038987636566,E01018219,E01018219,E02003790,E02003790,E40000007,E00091907,E00091907,1B1,E10000003,"561405","1",E18000006,E07000012,"249285",E05011282,E04001850,E65000001,CB214RY,CB21 4RY,CB21 4RY,E14001481,E23000023,E12000006,E1,RSN1,E38000260,E30000186,"0",E33026170
"261705",E630,E35999999,E56000035,E58000073,E92000001,"201010",,E54000056,"26328",E07000012,52.1171112060547,E37000059,,0.353477001190186,E01018219,E01018219,E02003790,E02003790,E40000007,E00091907,E00091907,1B1,E10000003,"561234","1",E18000006,E07000012,"249143",E05011282,E04001850,E65000001,CB214RZ,CB21 4RZ,CB21 4RZ,E14001481,E23000023,E12000006,E1,RSN1,E38000260,E30000186,"0",E33026170
"261706",E630,E35999999,E56000035,E58000073,E92000001,"200609",,E54000056,"26328",E07000012,52.1211929321289,E37000059,,0.366898000240326,E01018219,E01018219,E02003790,E02003790,E40000007,E00091907,E00091907,1B1,E10000003,"562138","1",E18000006,E07000012,"249627",E05011282,E04001850,E65000001,CB214SA,CB21 4SA,CB21 4SA,E14001481,E23000023,E12000006,E1,RSN1,E38000260,E30000186,"0",E33026170
"261707",E630,E35999999,E56000035,E58000073,E92000001,"200609",,E54000056,"26328",E07000012,52.1206855773926,E37000059,,0.362751990556717,E01018219,E01018219,E02003790,E02003790,E40000007,E00091907,E00091907,1B1,E10000003,"561856","1",E18000006,E07000012,"249561",E05011282,E04001850,E65000001,CB214SB,CB21 4SB,CB21 4SB,E14001481,E23000023,E12000006,E1,RSN1,E38000260,E30000186,"0",E33026170
"261708",E630,E35999999,E56000035,E58000073,E92000001,"200609",,E54000056,"26328",E07000012,52.1220932006836,E37000059,,0.369590014219284,E01018219,E01018219,E02003790,E02003790,E40000007,E00091907,E00091907,1B1,E10000003,"562319","1",E18000006,E07000012,"249733",E05011282,E04001850,E65000001,CB214SD,CB21 4SD,CB21 4SD,E14001481,E23000023,E12000006,E1,RSN1,E38000260,E30000186,"0",E33026170
"261709",,E35999999,E56000035,E58000073,E92000001,"200609",,E54000056,"26328",E07000012,52.1254005432129,E37000059,,0.387006014585495,E01018219,E01018219,E02003790,E02003790,E40000007,E00091907,E00091907,1B1,E10000003,"563499","1",E18000006,E07000012,"250140",E05011282,E04001850,E65000001,CB214SF,CB21 4SF,CB21 4SF,E14001481,E23000023,E12000006,E1,RSN1,E38000260,E30000186,"0",E33026170
"261710",E630,E35999999,E56000035,E58000073,E92000001,"200609",,E54000056,"26328",E07000012,52.120361328125,E37000059,,0.359593987464905,E01018219,E01018219,E02003790,E02003790,E40000007,E00091907,E00091907,1B1,E10000003,"561641","1",E18000006,E07000012,"249518",E05011282,E04001850,E65000001,CB214SH,CB21 4SH,CB21 4SH,E14001481,E23000023,E12000006,E1,RSN1,E38000260,E30000186,"0",E33026170
"261711",E630,E35999999,E56000035,E58000073,E92000001,"200609",,E54000056,"22412",E07000012,52.1000595092773,E37000059,,0.352739006280899,E01018220,E01018220,E02003790,E02003790,E40000007,E00091904,E00091904,1B2,E10000003,"561245","1",E18000006,E07000012,"247245",E05011282,E04001808,E65000001,CB214SJ,CB21 4SJ,CB21 4SJ,E14001481,E23000023,E12000006,E1,RSF1,E38000260,E30000186,"1",E33026166
"261712",E630,E35999999,E56000035,E58000073,E92000001,"200609",,E54000056,"22412",E07000012,52.0648612976074,E37000059,,0.381395995616913,E01018220,E01018220,E02003790,E02003790,E40000007,E00091903,E00091903,1B1,E10000003,"563336","1",E18000006,E07000012,"243395",E05011298,E04001769,E65000001,CB214SN,CB21 4SN,CB21 4SN,E14001481,E23000023,E12000006,E1,RSF1,E38000260,E30000186,"0",E33026168
"261713",E630,E35999999,E56000035,E58000228,E92000001,"200609",,E54000056,"22412",E07000012,52.0648193359375,E37000059,,0.38034400343895,E01018220,E01018220,E02003790,E02003790,E40000007,E00091903,E00091903,1B1,E10000003,"563264","1",E18000006,E07000012,"243388",E05011298,E04001769,E65000001,CB214SP,CB21 4SP,CB21 4SP,E14001481,E23000023,E12000006,E1,RSF1,E38000260,E30000186,"0",E33026168
"261714",E630,E35999999,E56000035,E58000073,E92000001,"200609",,E54000056,"22412",E07000012,52.0622520446777,E37000059,,0.381855994462967,E01018220,E01018220,E02003790,E02003790,E40000007,E00091902,E00091902,1B2,E10000003,"563377","1",E18000006,E07000012,"243106",E05011298,E04001769,E65000001,CB214SR,CB21 4SR,CB21 4SR,E14001481,E23000023,E12000006,E1,RSF1,E38000260,E30000186,"0",E33026168
"261715",E630,E35999999,E56000035,E58000073,E92000001,"200609",,E54000056,"22412",E07000012,52.0627822875977,E37000059,,0.381489992141724,E01018220,E01018220,E02003790,E02003790,E40000007,E00091903,E00091903,1B1,E10000003,"563350","1",E18000006,E07000012,"243164",E05011298,E04001769,E65000001,CB214SS,CB21 4SS,CB21 4SS,E14001481,E23000023,E12000006,E1,RSF1,E38000260,E30000186,"0",E33026168
"261716",E630,E35999999,E56000035,E58000228,E92000001,"200609",,E54000056,"22412",E07000012,52.0625457763672,E37000059,,0.379785001277924,E01018220,E01018220,E02003790,E02003790,E40000007,E00091902,E00091902,1B2,E10000003,"563234","1",E18000006,E07000012,"243134",E05011298,E04001769,E65000001,CB214ST,CB21 4ST,CB21 4ST,E14001481,E23000023,E12000006,E1,RSF1,E38000260,E30000186,"0",E33026168
"261717",E630,E35999999,E56000035,E58000073,E92000001,"200609",,E54000056,"22412",E07000012,52.0623245239258,E37000059,,0.382764011621475,E01018220,E01018220,E02003790,E02003790,E40000007,E00091903,E00091903,1B1,E10000003,"563439","1",E18000006,E07000012,"243116",E05011298,E04001769,E65000001,CB214SU,CB21 4SU,CB21 4SU,E14001481,E23000023,E12000006,E1,RSF1,E38000260,E30000186,"0",E33026168
"261718",E630,E35999999,E56000035,E58000073,E92000001,"200609",,E54000056,"22412",E07000012,52.0649032592773,E37000059,,0.381047993898392,E01018220,E01018220,E02003790,E02003790,E40000007,E00091903,E00091903,1B1,E10000003,"563312","1",E18000006,E07000012,"243399",E05011298,E04001769,E65000001,CB214SW,CB21 4SW,CB21 4SW,E14001481,E23000023,E12000006,E1,RSF1,E38000260,E30000186,"0",E33026168
"261719",E630,E35999999,E56000035,E58000073,E92000001,"200609",,E54000056,"22412",E07000012,52.0643539428711,E37000059,,0.376583993434906,E01018220,E01018220,E02003790,E02003790,E40000007,E00091902,E00091902,1B2,E10000003,"563008","1",E18000006,E07000012,"243328",E05011298,E04001769,E65000001,CB214SX,CB21 4SX,CB21 4SX,E14001481,E23000023,E12000006,E1,RSF1,E38000260,E30000186,"0",E33026168
"261720",E630,E35999999,E56000035,E58000073,E92000001,"200609",,E54000056,"22412",E07000012,52.064136505127,E37000059,,0.377972990274429,E01018220,E01018220,E02003790,E02003790,E40000007,E00091903,E00091903,1B1,E10000003,"563104","1",E18000006,E07000012,"243307",E05011298,E04001769,E65000001,CB214SY,CB21 4SY,CB21 4SY,E14001481,E23000023,E12000006,E1,RSF1,E38000260,E30000186,"0",E33026168
"261721",E630,E35999999,E56000035,E58000228,E92000001,"200609",,E54000056,"22412",E07000012,52.0659866333008,E37000059,,0.381689995527267,E01018220,E01018220,E02003790,E02003790,E40000007,E00091903,E00091903,1B1,E10000003,"563352","1",E18000006,E07000012,"243521",E05011298,E04001769,E65000001,CB214SZ,CB21 4SZ,CB21 4SZ,E14001481,E23000023,E12000006,E1,RSF1,E38000260,E30000186,"0",E33026168
"261722",E630,E35999999,E56000035,E58000073,E92000001,"200609",,E54000056,"22412",E07000012,52.0661735534668,E37000059,,0.381013989448547,E01018220,E01018220,E02003790,E02003790,E40000007,E00091903,E00091903,1B1,E10000003,"563305","1",E18000006,E07000012,"243540",E05011298,E04001769,E65000001,CB214TA,CB21 4TA,CB21 4TA,E14001481,E23000023,E12000006,E1,RSF1,E38000260,E30000186,"0",E33026168
"261723",E630,E35999999,E56000035,E58000073,E92000001,"200609",,E54000056,"22412",E07000012,52.0679779052734,E37000059,,0.381051987409592,E01018220,E01018220,E02003790,E02003790,E40000007,E00091902,E00091902,1B2,E10000003,"563301","1",E18000006,E07000012,"243741",E05011298,E04001769,E65000001,CB214TB,CB21 4TB,CB21 4TB,E14001481,E23000023,E12000006,E1,RSF1,E38000260,E30000186,"0",E33026168
"261724",E630,E35999999,E56000035,E58000073,E92000001,"200609",,E54000056,"22412",E07000012,52.066837310791,E37000059,,0.380553007125854,E01018220,E01018220,E02003790,E02003790,E40000007,E00091903,E00091903,1B1,E10000003,"563271","1",E18000006,E07000012,"243613",E05011298,E04001769,E65000001,CB214TD,CB21 4TD,CB21 4TD,E14001481,E23000023,E12000006,E1,RSF1,E38000260,E30000186,"0",E33026168
"261725",,E35999999,E56000035,E58000073,E92000001,"200609",,E54000056,"22412",E07000012,52.0725860595703,E37000059,,0.390635997056961,E01018220,E01018220,E02003790,E02003790,E40000007,E00091905,E00091905,1B2,E10000003,"563941","1",E18000006,E07000012,"244275",E05011298,E04001839,E65000001,CB214TE,CB21 4TE,CB21 4TE,E14001481,E23000023,E12000006,F1,RSF1,E38000260,E30000186,"0",E33026166
"261726",,E35999999,E56000035,E58000073,E92000001,"200609",,E54000056,"22412",E07000012,52.0736122131348,E37000059,,0.386999011039734,E01018220,E01018220,E02003790,E02003790,E40000007,E00091905,E00091905,1B2,E10000003,"563688","1",E18000006,E07000012,"244381",E05011298,E04001839,E65000001,CB214TF,CB21 4TF,CB21 4TF,E14001481,E23000023,E12000006,F1,RSF1,E38000260,E30000186,"0",E33026166
"261727",,E35999999,E56000035,E58000073,E92000001,"200609",,E54000056,"22412",E07000012,52.0739288330078,E37000059,,0.385688006877899,E01018220,E01018220,E02003790,E02003790,E40000007,E00091905,E00091905,1B2,E10000003,"563597","1",E18000006,E07000012,"244413",E05011298,E04001839,E65000001,CB214TG,CB21 4TG,CB21 4TG,E14001481,E23000023,E12000006,F1,RSF1,E38000260,E30000186,"0",E33026166
"261728",E630,E35999999,E56000035,E58000228,E92000001,"200609",,E54000056,"22412",E07000012,52.0630569458008,E37000059,,0.378937005996704,E01018220,E01018220,E02003790,E02003790,E40000007,E00091902,E00091902,1B2,E10000003,"563174","1",E18000006,E07000012,"243189",E05011298,E04001769,E65000001,CB214TH,CB21 4TH,CB21 4TH,E14001481,E23000023,E12000006,E1,RSF1,E38000260,E30000186,"0",E33026168
"261729",E630,E35999999,E56000035,E58000073,E92000001,"200609",,E54000056,"22412",E07000012,52.0628547668457,E37000059,,0.377029001712799,E01018220,E01018220,E02003790,E02003790,E40000007,E00091902,E00091902,1B2,E10000003,"563044","1",E18000006,E07000012,"243162",E05011298,E04001769,E65000001,CB214TJ,CB21 4TJ,CB21 4TJ,E14001481,E23000023,E12000006,E1,RSF1,E38000260,E30000186,"0",E33026168
"261730",,E35999999,E56000035,E58000073,E92000001,"200609",,E54000056,"22412",E07000012,52.0582275390625,E37000059,,0.36056199669838,E01018220,E01018220,E02003790,E02003790,E40000007,E00091902,E00091902,1B2,E10000003,"561932","1",E18000006,E07000012,"242611",E05011298,E04001769,E65000001,CB214TL,CB21 4TL,CB21 4TL,E14001481,E23000023,E12000006,E1,RSF1,E38000260,E30000186,"0",E33026168
"261731",,E35999999,E56000035,E58000073,E92000001,"200609",,E54000056,"22412",E07000012,52.0536308288574,E37000059,,0.361647009849548,E01018220,E01018220,E02003790,E02003790,E40000007,E00091902,E00091902,1B2,E10000003,"562023","1",E18000006,E07000012,"242102",E05011298,E04001769,E65000001,CB214TN,CB21 4TN,CB21 4TN,E14001481,E23000023,E12000006,E1,RSF1,E38000260,E30000186,"0",E33026168
"261732",,E35999999,E56000035,E58000073,E92000001,"200609",,E54000056,"22412",E07000012,52.0635375976562,E37000059,,0.351431012153625,E01018220,E01018220,E02003790,E02003790,E40000007,E00091902,E00091902,1B2,E10000003,"561287","1",E18000006,E07000012,"243181",E05011298,E04001769,E65000001,CB214TP,CB21 4TP,CB21 4TP,E14001481,E23000023,E12000006,E1,RSF1,E38000260,E30000186,"0",E33026168
"261733",E630,E35999999,E56000035,E58000073,E92000001,"200609",,E54000056,"22412",E07000012,52.0626640319824,E37000059,,0.377514988183975,E01018220,E01018220,E02003790,E02003790,E40000007,E00091902,E00091902,1B2,E10000003,"563078","1",E18000006,E07000012,"243142",E05011298,E04001769,E65000001,CB214TQ,CB21 4TQ,CB21 4TQ,E14001481,E23000023,E12000006,E1,RSF1,E38000260,E30000186,"0",E33026168
"261734",,E35999999,E56000035,E58000073,E92000001,"200609",,E54000056,"22412",E07000012,52.0544891357422,E37000059,,0.352793991565704,E01018220,E01018220,E02003790,E02003790,E40000007,E00091902,E00091902,1B2,E10000003,"561413","1",E18000006,E07000012,"242178",E05011298,E04001769,E65000001,CB214TR,CB21 4TR,CB21 4TR,E14001481,E23000023,E12000006,E1,RSF1,E38000260,E30000186,"0",E33026168
"261735",E630,E35999999,E56000035,E58000073,E92000001,"200609",,E54000056,"22412",E07000012,52.063648223877,E37000059,,0.380032986402512,E01018220,E01018220,E02003790,E02003790,E40000007,E00091903,E00091903,1B1,E10000003,"563247","1",E18000006,E07000012,"243257",E05011298,E04001769,E65000001,CB214TT,CB21 4TT,CB21 4TT,E14001481,E23000023,E12000006,E1,RSF1,E38000260,E30000186,"0",E33026168
"261736",,E35999999,E56000035,E58000073,E92000001,"200609",,E54000056,"22412",E07000012,52.0440788269043,E37000059,,0.381312012672424,E01018220,E01018220,E02003790,E02003790,E40000007,E00091902,E00091902,1B2,E10000003,"563406","1",E18000006,E07000012,"241084",E05011298,E04001769,E65000001,CB214TW,CB21 4TW,CB21 4TW,E14001481,E23000023,E12000006,E1,RSF1,E38000260,E30000186,"0",E33026168
"261737",E630,E35999999,E56000035,E58000073,E92000001,"200609",,E54000056,"31437",E07000012,52.1034812927246,E37000059,,0.272076994180679,E01018263,E01018263,E02003790,E02003790,E40000007,E00092116,E00092116,5B3,E10000003,"555709","1",E18000006,E07000012,"247450",E05011298,E04001814,E65000001,CB214UA,CB21 4UA,CB21 4UA,E14001481,E23000023,E12000006,D1,RLN1,E38000260,E30000186,"0",E33026173
"261738",E630,E35999999,E56000035,E58000073,E92000001,"200609",,E54000056,"31437",E07000012,52.1025009155273,E37000059,,0.273137003183365,E01018263,E01018263,E02003790,E02003790,E40000007,E00092116,E00092116,5B3,E10000003,"555785","1",E18000006,E07000012,"247343",E05011298,E04001814,E65000001,CB214UB,CB21 4UB,CB21 4UB,E14001481,E23000023,E12000006,D1,RLN1,E38000260,E30000186,"0",E33026173
"261739",E630,E35999999,E56000035,E58000073,E92000001,"200609",,E54000056,"31437",E07000012,52.102725982666,E37000059,,0.272652000188828,E01018263,E01018263,E02003790,E02003790,E40000007,E00092116,E00092116,5B3,E10000003,"555751","1",E18000006,E07000012,"247367",E05011298,E04001814,E65000001,CB214UD,CB21 4UD,CB21 4UD,E14001481,E23000023,E12000006,D1,RLN1,E38000260,E30000186,"0",E33026173
"261740",E630,E35999999,E56000035,E58000073,E92000001,"200609",,E54000056,"31437",E07000012,52.103199005127,E37000059,,0.273800998926163,E01018263,E01018263,E02003790,E02003790,E40000007,E00092115,E00092115,6B2,E10000003,"555828","1",E18000006,E07000012,"247422",E05011298,E04001814,E65000001,CB214UE,CB21 4UE,CB21 4UE,E14001481,E23000023,E12000006,D1,RLN1,E38000260,E30000186,"0",E33026173
"261741",E630,E35999999,E56000035,E58000073,E92000001,"200609",,E54000056,"31437",E07000012,52.1042938232422,E37000059,,0.273023992776871,E01018263,E01018263,E02003790,E02003790,E40000007,E00092115,E00092115,6B2,E10000003,"555771","1",E18000006,E07000012,"247542",E05011298,E04001814,E65000001,CB214UF,CB21 4UF,CB21 4UF,E14001481,E23000023,E12000006,D1,RLN1,E38000260,E30000186,"0",E33026173
"261742",E630,E35999999,E56000035,E58000073,E92000001,"200609",,E54000056,"31437",E07000012,52.1033058166504,E37000059,,0.273324012756348,E01018263,E01018263,E02003790,E02003790,E40000007,E00092115,E00092115,6B2,E10000003,"555795","1",E18000006,E07000012,"247433",E05011298,E04001814,E65000001,CB214UG,CB21 4UG,CB21 4UG,E14001481,E23000023,E12000006,D1,RLN1,E38000260,E30000186,"0",E33026173
"261743",E630,E35999999,E56000035,E58000073,E92000001,"200609",,E54000056,"31437",E07000012,52.1025352478027,E37000059,,0.274614006280899,E01018263,E01018263,E02003790,E02003790,E40000007,E00092115,E00092115,6B2,E10000003,"555886","1",E18000006,E07000012,"247350",E05011298,E04001814,E65000001,CB214UH,CB21 4UH,CB21 4UH,E14001481,E23000023,E12000006,D1,RLN1,E38000260,E30000186,"0",E33026173
"261744",E630,E35999999,E56000035,E58000073,E92000001,"200609",,E54000056,"31437",E07000012,52.1039581298828,E37000059,,0.274087995290756,E01018263,E01018263,E02003790,E02003790,E40000007,E00092115,E00092115,6B2,E10000003,"555845","1",E18000006,E07000012,"247507",E05011298,E04001814,E65000001,CB214UJ,CB21 4UJ,CB21 4UJ,E14001481,E23000023,E12000006,D1,RLN1,E38000260,E30000186,"0",E33026173
"261745",E630,E35999999,E56000035,E58000073,E92000001,"200609",,E54000056,"31437",E07000012,52.1020088195801,E37000059,,0.273564994335175,E01018263,E01018263,E02003790,E02003790,E40000007,E00092115,E00092115,6B2,E10000003,"555816","1",E18000006,E07000012,"247289",E05011298,E04001814,E65000001,CB214UQ,CB21 4UQ,CB21 4UQ,E14001481,E23000023,E12000006,D1,RLN1,E38000260,E30000186,"0",E33026173
"261746",E630,E35999999,E56000035,E58000073,E92000001,"200609",,E54000056,"32828",E07000012,52.0956192016602,E37000059,,0.293695002794266,E01018265,E01018265,E02003790,E02003790,E40000007,E00092113,E00092113,6B2,E10000003,"557217","1",E18000006,E07000012,"246622",E05011298,E04001814,E65000001,CB214UR,CB21 4UR,CB21 4UR,E14001481,E23000023,E12000006,D1,RLN1,E38000260,E30000186,"0",E33026169
"261747",E630,E35999999,E56000035,E58000073,E92000001,"200609",,E54000056,"19982",E07000012,52.1015167236328,E37000059,,0.287281006574631,E01018264,E01018264,E02003790,E02003790,E40000007,E00092117,E00092117,8C1,E10000003,"556757","1",E18000006,E07000012,"247264",E05011298,E04001814,E65000001,CB214UW,CB21 4UW,CB21 4UW,E14001481,E23000023,E12000006,D1,RLN1,E38000260,E30000186,"0",E33026169
"261748",E630,E35999999,E56000035,E58000073,E92000001,"202001",,E54000056,"31437",E07000012,52.0955123901367,E37000059,,0.271730989217758,E01018263,E01018263,E02003790,E02003790,E40000007,E00092123,E00092123,5B3,E10000003,"555713","1",E18000006,E07000012,"246563",E05011298,E04001814,E65000001,CB214UX,CB21 4UX,CB21 4UX,E14001481,E23000023,E12000006,D1,RLN1,E38000260,E30000186,"0",E33023735
"261749",E630,E35999999,E56000035,E58000073,E92000001,"200609",,E54000056,"22412",E07000012,52.1000595092773,E37000059,,0.352739006280899,E01018220,E01018220,E02003790,E02003790,E40000007,E00091904,E00091904,1B2,E10000003,"561245","1",E18000006,E07000012,"247245",E05011282,E04001808,E65000001,CB214UY,CB21 4UY,CB21 4UY,E14001481,E23000023,E12000006,E1,RSF1,E38000260,E30000186,"1",E33026166
"261750",E630,E35999999,E56000035,E58000073,E92000001,"200609",,E54000056,"32828",E07000012,52.0987663269043,E37000059,,0.289972990751266,E01018265,E01018265,E02003790,E02003790,E40000007,E00092112,E00092112,6B2,E10000003,"556951","1",E18000006,E07000012,"246964",E05011298,E04001814,E65000001,CB214XA,CB21 4XA,CB21 4XA,E14001481,E23000023,E12000006,D1,RLN1,E38000260,E30000186,"0",E33026169
"261751",E630,E35999999,E56000035,E58000073,E92000001,"200609",,E54000056,"32828",E07000012,52.0989379882812,E37000059,,0.290405005216599,E01018265,E01018265,E02003790,E02003790,E40000007,E00092112,E00092112,6B2,E10000003,"556980","1",E18000006,E07000012,"246984",E05011298,E04001814,E65000001,CB214XB,CB21 4XB,CB21 4XB,E14001481,E23000023,E12000006,D1,RLN1,E38000260,E30000186,"0",E33026169
"261752",E630,E35999999,E56000035,E58000073,E92000001,"200609",,E54000056,"19982",E07000012,52.1004600524902,E37000059,,0.289344012737274,E01018264,E01018264,E02003790,E02003790,E40000007,E00092119,E00092119,5B3,E10000003,"556902","1",E18000006,E07000012,"247151",E05011298,E04001814,E65000001,CB214XD,CB21 4XD,CB21 4XD,E14001481,E23000023,E12000006,D1,RLN1,E38000260,E30000186,"0",E33026169
"261753",E630,E35999999,E56000035,E58000073,E92000001,"200609",,E54000056,"19982",E07000012,52.1003265380859,E37000059,,0.288825988769531,E01018264,E01018264,E02003790,E02003790,E40000007,E00092119,E00092119,5B3,E10000003,"556867","1",E18000006,E07000012,"247135",E05011298,E04001814,E65000001,CB214XE,CB21 4XE,CB21 4XE,E14001481,E23000023,E12000006,D1,RLN1,E38000260,E30000186,"0",E33026169
"261754",E630,E35999999,E56000035,E58000073,E92000001,"200609",,E54000056,"19982",E07000012,52.1005935668945,E37000059,,0.290883988142014,E01018264,E01018264,E02003790,E02003790,E40000007,E00092119,E00092119,5B3,E10000003,"557007","1",E18000006,E07000012,"247169",E05011298,E04001814,E65000001,CB214XF,CB21 4XF,CB21 4XF,E14001481,E23000023,E12000006,D1,RLN1,E38000260,E30000186,"0",E33026169
"261755",E630,E35999999,E56000035,E58000073,E92000001,"200609",,E54000056,"19982",E07000012,52.1000556945801,E37000059,,0.288855999708176,E01018264,E01018264,E02003790,E02003790,E40000007,E00092119,E00092119,5B3,E10000003,"556870","1",E18000006,E07000012,"247105",E05011298,E04001814,E65000001,CB214XG,CB21 4XG,CB21 4XG,E14001481,E23000023,E12000006,D1,RLN1,E38000260,E30000186,"0",E33026169
"261756",E630,E35999999,E56000035,E58000073,E92000001,"200609",,E54000056,"32828",E07000012,52.0993385314941,E37000059,,0.291550010442734,E01018265,E01018265,E02003790,E02003790,E40000007,E00092112,E00092112,6B2,E10000003,"557057","1",E18000006,E07000012,"247031",E05011298,E04001814,E65000001,CB214XH,CB21 4XH,CB21 4XH,E14001481,E23000023,E12000006,D1,RLN1,E38000260,E30000186,"0",E33026169
"261757",E630,E35999999,E56000035,E58000073,E92000001,"200609",,E54000056,"32828",E07000012,52.0990447998047,E37000059,,0.291330009698868,E01018265,E01018265,E02003790,E02003790,E40000007,E00092112,E00092112,6B2,E10000003,"557043","1",E18000006,E07000012,"246998",E05011298,E04001814,E65000001,CB214XJ,CB21 4XJ,CB21 4XJ,E14001481,E23000023,E12000006,D1,RLN1,E38000260,E30000186,"0",E33026169
"261758",E630,E35999999,E56000035,E58000073,E92000001,"200609",,E54000056,"31437",E07000012,52.0934562683105,E37000059,,0.272619009017944,E01018263,E01018263,E02003790,E02003790,E40000007,E00092122,E00092122,6B2,E10000003,"555781","1",E18000006,E07000012,"246336",E05011298,E04001814,E65000001,CB214XN,CB21 4XN,CB21 4XN,E14001481,E23000023,E12000006,D1,RLN1,E38000260,E30000186,"0",E33026172
"261759",E630,E35999999,E56000035,E58000073,E92000001,"200609",,E54000056,"19982",E07000012,52.0998344421387,E37000059,,0.291853010654449,E01018264,E01018264,E02003790,E02003790,E40000007,E00092119,E00092119,5B3,E10000003,"557076","1",E18000006,E07000012,"247087",E05011298,E04001814,E65000001,CB214XQ,CB21 4XQ,CB21 4XQ,E14001481,E23000023,E12000006,D1,RLN1,E38000260,E30000186,"0",E33026169
"261760",E630,E35999999,E56000035,E58000073,E92000001,"201501",,E54000056,"22412",E07000012,52.1000595092773,E37000059,,0.352739006280899,E01018220,E01018220,E02003790,E02003790,E40000007,E00091904,E00091904,1B2,E10000003,"561245","1",E18000006,E07000012,"247245",E05011282,E04001808,E65000001,CB214XX,CB21 4XX,CB21 4XX,E14001481,E23000023,E12000006,E1,RSF1,E38000260,E30000186,"1",E33026166
"261761",E630,E35999999,E56000035,E58000073,E92000001,"200609",,E54000056,"32828",E07000012,52.0983047485352,E37000059,,0.286547005176544,E01018265,E01018265,E02003790,E02003790,E40000007,E00092120,E00092120,6B2,E10000003,"556718","1",E18000006,E07000012,"246905",E05011298,E04001814,E65000001,CB214YL,CB21 4YL,CB21 4YL,E14001481,E23000023,E12000006,D1,RLN1,E38000260,E30000186,"0",E33026169
"261762",E630,E35999999,E56000035,E58000073,E92000001,"200609",,E54000056,"32828",E07000012,52.0991668701172,E37000059,,0.28549599647522,E01018265,E01018265,E02003790,E02003790,E40000007,E00092120,E00092120,6B2,E10000003,"556643","1",E18000006,E07000012,"246999",E05011298,E04001814,E65000001,CB214YN,CB21 4YN,CB21 4YN,E14001481,E23000023,E12000006,D1,RLN1,E38000260,E30000186,"0",E33026169
"261763",E630,E35999999,E56000035,E58000073,E92000001,"200609",,E54000056,"32828",E07000012,52.0991554260254,E37000059,,0.28669199347496,E01018265,E01018265,E02003790,E02003790,E40000007,E00092120,E00092120,6B2,E10000003,"556725","1",E18000006,E07000012,"247000",E05011298,E04001814,E65000001,CB214YP,CB21 4YP,CB21 4YP,E14001481,E23000023,E12000006,D1,RLN1,E38000260,E30000186,"0",E33026169
"261764",E630,E35999999,E56000035,E58000073,E92000001,"200609",,E54000056,"32828",E07000012,52.0998725891113,E37000059,,0.28728398680687,E01018265,E01018265,E02003790,E02003790,E40000007,E00092120,E00092120,6B2,E10000003,"556763","1",E18000006,E07000012,"247081",E05011298,E04001814,E65000001,CB214YR,CB21 4YR,CB21 4YR,E14001481,E23000023,E12000006,D1,RLN1,E38000260,E30000186,"0",E33026169
"261765",E630,E35999999,E56000035,E58000073,E92000001,"200609",,E54000056,"32828",E07000012,52.0992736816406,E37000059,,0.287487000226974,E01018265,E01018265,E02003790,E02003790,E40000007,E00092120,E00092120,6B2,E10000003,"556779","1",E18000006,E07000012,"247015",E05011298,E04001814,E65000001,CB214YS,CB21 4YS,CB21 4YS,E14001481,E23000023,E12000006,D1,RLN1,E38000260,E30000186,"0",E33026169
"261766",E630,E35999999,E56000035,E58000073,E92000001,"200609",,E54000056,"31437",E07000012,52.1005859375,E37000059,,0.273506999015808,E01018263,E01018263,E02003790,E02003790,E40000007,E00092116,E00092116,5B3,E10000003,"555817","1",E18000006,E07000012,"247131",E05011298,E04001814,E65000001,CB214YT,CB21 4YT,CB21 4YT,E14001481,E23000023,E12000006,D1,RLN1,E38000260,E30000186,"0",E33026173
"261767",E630,E35999999,E56000035,E58000073,E92000001,"200609",,E54000056,"32828",E07000012,52.098991394043,E37000059,,0.286303997039795,E01018265,E01018265,E02003790,E02003790,E40000007,E00092120,E00092120,6B2,E10000003,"556699","1",E18000006,E07000012,"246981",E05011298,E04001814,E65000001,CB214YW,CB21 4YW,CB21 4YW,E14001481,E23000023,E12000006,D1,RLN1,E38000260,E30000186,"0",E33026169
"261768",E630,E35999999,E56000035,E58000073,E92000001,"201802",,E54000056,"22412",E07000012,52.1000595092773,E37000059,,0.352739006280899,E01018220,E01018220,E02003790,E02003790,E40000007,E00091904,E00091904,1B2,E10000003,"561245","1",E18000006,E07000012,"247245",E05011282,E04001808,E65000001,CB214ZQ,CB21 4ZQ,CB21 4ZQ,E14001481,E23000023,E12000006,E1,RSF1,E38000260,E30000186,"1",E33026166
"261880",,E35999999,E56000035,E58000073,E92000001,"200609",,E54000056,"26328",E07000012,52.1283416748047,E37000059,,0.359912991523743,E01018219,E01018219,E02003790,E02003790,E40000007,E00091907,E00091907,1B1,E10000003,"561634","1",E18000006,E07000012,"250406",E05011282,E04001850,E65000001,CB215LP,CB21 5LP,CB21 5LP,E14001481,E23000023,E12000006,E1,RSN1,E38000260,E30000186,"0",E33026170
"261882",,E35999999,E56000035,E58000073,E92000001,"200609",,E54000056,"21728",E07000012,52.1379852294922,E37000059,,0.365873992443085,E01018218,E01018218,E02003790,E02003790,E40000007,E00091908,E00091908,1B2,E10000003,"562007","1",E18000006,E07000012,"251492",E05011282,E04001851,E65000001,CB215LR,CB21 5LR,CB21 5LR,E14001481,E23000023,E12000006,F1,RSN1,E38000260,E30000186,"0",E33026167
"261883",,E35999999,E56000035,E58000073,E92000001,"200609",,E54000056,"21728",E07000012,52.1391067504883,E37000059,,0.344011008739471,E01018218,E01018218,E02003790,E02003790,E40000007,E00091908,E00091908,1B2,E10000003,"560507","1",E18000006,E07000012,"251568",E05011282,E04001851,E65000001,CB215LS,CB21 5LS,CB21 5LS,E14001481,E23000023,E12000006,F1,RSN1,E38000260,E30000186,"0",E33026167
"261884",,E35999999,E56000035,E58000073,E92000001,"200609",,E54000056,"21728",E07000012,52.1385765075684,E37000059,,0.348118990659714,E01018218,E01018218,E02003790,E02003790,E40000007,E00091908,E00091908,1B2,E10000003,"560790","1",E18000006,E07000012,"251518",E05011282,E04001851,E65000001,CB215LT,CB21 5LT,CB21 5LT,E14001481,E23000023,E12000006,F1,RSN1,E38000260,E30000186,"0",E33026167
"261885",E630,E35999999,E56000035,E58000073,E92000001,"200609",,E54000056,"21728",E07000012,52.1435432434082,E37000059,,0.345647007226944,E01018218,E01018218,E02003790,E02003790,E40000007,E00091908,E00091908,1B2,E10000003,"560603","1",E18000006,E07000012,"252065",E05011282,E04001851,E65000001,CB215LU,CB21 5LU,CB21 5LU,E14001481,E23000023,E12000006,F1,RSN1,E38000260,E30000186,"0",E33026167
"261886",E630,E35999999,E56000035,E58000073,E92000001,"200609",,E54000056,"21728",E07000012,52.1418762207031,E37000059,,0.346744000911713,E01018218,E01018218,E02003790,E02003790,E40000007,E00091908,E00091908,1B2,E10000003,"560684","1",E18000006,E07000012,"251882",E05011282,E04001851,E65000001,CB215LY,CB21 5LY,CB21 5LY,E14001481,E23000023,E12000006,F1,RSN1,E38000260,E30000186,"0",E33026167
"261887",E630,E35999999,E56000035,E58000073,E92000001,"200609",,E54000056,"21728",E07000012,52.1461372375488,E37000059,,0.344613999128342,E01018218,E01018218,E02003790,E02003790,E40000007,E00091908,E00091908,1B2,E10000003,"560523","1",E18000006,E07000012,"252351",E05011282,E04001851,E65000001,CB215NA,CB21 5NA,CB21 5NA,E14001481,E23000023,E12000006,F1,RSN1,E38000260,E30000186,"0",E33026167
"261888",,E35999999,E56000035,E58000073,E92000001,"200609",,E54000056,"21728",E07000012,52.1476211547852,E37000059,,0.337675988674164,E01018218,E01018218,E02003790,E02003790,E40000007,E00091908,E00091908,1B2,E10000003,"560043","1",E18000006,E07000012,"252501",E05011282,E04001851,E65000001,CB215NE,CB21 5NE,CB21 5NE,E14001481,E23000023,E12000006,F1,RSN1,E38000260,E30000186,"0",E33026167
"261889",,E35999999,E56000035,E58000073,E92000001,"200609",,E54000056,"21728",E07000012,52.153507232666,E37000059,,0.329710006713867,E01018218,E01018218,E02003790,E02003790,E40000007,E00091908,E00091908,1B2,E10000003,"559477","1",E18000006,E07000012,"253138",E05011282,E04001851,E65000001,CB215NF,CB21 5NF,CB21 5NF,E14001481,E23000023,E12000006,F1,RSN1,E38000260,E30000186,"0",E33026167
"261890",E630,E35999999,E56000035,E58000073,E92000001,"200609",,E54000056,"21728",E07000012,52.145622253418,E37000059,,0.338770002126694,E01018218,E01018218,E02003790,E02003790,E40000007,E00091908,E00091908,1B2,E10000003,"560125","1",E18000006,E07000012,"252281",E05011282,E04001851,E65000001,CB215NH,CB21 5NH,CB21 5NH,E14001481,E23000023,E12000006,F1,RSN1,E38000260,E30000186,"0",E33026167
"261891",E630,E35999999,E56000035,E58000228,E92000001,"200609",,E54000056,"21728",E07000012,52.1461296081543,E37000059,,0.341251999139786,E01018218,E01018218,E02003790,E02003790,E40000007,E00091908,E00091908,1B2,E10000003,"560293","1",E18000006,E07000012,"252343",E05011282,E04001851,E65000001,CB215NJ,CB21 5NJ,CB21 5NJ,E14001481,E23000023,E12000006,F1,RSN1,E38000260,E30000186,"0",E33026167
"261892",E630,E35999999,E56000035,E58000073,E92000001,"200609",,E54000056,"21728",E07000012,52.1426124572754,E37000059,,0.34866800904274,E01018218,E01018218,E02003790,E02003790,E40000007,E00091908,E00091908,1B2,E10000003,"560813","1",E18000006,E07000012,"251968",E05011282,E04001851,E65000001,CB215NL,CB21 5NL,CB21 5NL,E14001481,E23000023,E12000006,F1,RSN1,E38000260,E30000186,"0",E33026167
"261893",E630,E35999999,E56000035,E58000073,E92000001,"200611",,E54000056,"21728",E07000012,52.1469230651855,E37000059,,0.342478007078171,E01018218,E01018218,E02003790,E02003790,E40000007,E00091908,E00091908,1B2,E10000003,"560374","1",E18000006,E07000012,"252434",E05011282,E04001851,E65000001,CB215NP,CB21 5NP,CB21 5NP,E14001481,E23000023,E12000006,F1,RSN1,E38000260,E30000186,"0",E33026167
"261894",E630,E35999999,E56000035,E58000073,E92000001,"200609",,E54000056,"21728",E07000012,52.1452331542969,E37000059,,0.339713990688324,E01018218,E01018218,E02003790,E02003790,E40000007,E00091908,E00091908,1B2,E10000003,"560191","1",E18000006,E07000012,"252240",E05011282,E04001851,E65000001,CB215NQ,CB21 5NQ,CB21 5NQ,E14001481,E23000023,E12000006,F1,RSN1,E38000260,E30000186,"0",E33026167
"261895",,E35999999,E56000035,E58000073,E92000001,"200609",,E54000056,"21728",E07000012,52.1326675415039,E37000059,,0.38654699921608,E01018218,E01018218,E02003790,E02003790,E40000007,E00091906,E00091906,1B2,E10000003,"563441","1",E18000006,E07000012,"250947",E05011282,E04001849,E65000001,CB215NR,CB21 5NR,CB21 5NR,E14001481,E23000023,E12000006,E1,RSN1,E38000260,E30000186,"0",E33026167
"261896",,E35999999,E56000035,E58000073,E92000001,"200609",,E54000056,"21728",E07000012,52.1410789489746,E37000059,,0.37924998998642,E01018218,E01018218,E02003790,E02003790,E40000007,E00091906,E00091906,1B2,E10000003,"562911","1",E18000006,E07000012,"251866",E05011282,E04001849,E65000001,CB215NS,CB21 5NS,CB21 5NS,E14001481,E23000023,E12000006,E1,RSN1,E38000260,E30000186,"0",E33026167
"261897",,E35999999,E56000035,E58000073,E92000001,"200609",,E54000056,"21728",E07000012,52.1441192626953,E37000059,,0.376561999320984,E01018218,E01018218,E02003790,E02003790,E40000007,E00091906,E00091906,1B2,E10000003,"562716","1",E18000006,E07000012,"252198",E05011282,E04001849,E65000001,CB215NT,CB21 5NT,CB21 5NT,E14001481,E23000023,E12000006,E1,RSN1,E38000260,E30000186,"0",E33026167
"261898",,E35999999,E56000035,E58000073,E92000001,"200609",,E54000056,"21728",E07000012,52.1452407836914,E37000059,,0.377557009458542,E01018218,E01018218,E02003790,E02003790,E40000007,E00091906,E00091906,1B2,E10000003,"562780","1",E18000006,E07000012,"252325",E05011282,E04001849,E65000001,CB215NU,CB21 5NU,CB21 5NU,E14001481,E23000023,E12000006,E1,RSN1,E38000260,E30000186,"0",E33026167
"261899",,E35999999,E56000035,E58000073,E92000001,"200609",,E54000056,"21728",E07000012,52.1451187133789,E37000059,,0.372083991765976,E01018218,E01018218,E02003790,E02003790,E40000007,E00091906,E00091906,1B2,E10000003,"562406","1",E18000006,E07000012,"252299",E05011282,E04001849,E65000001,CB215NX,CB21 5NX,CB21 5NX,E14001481,E23000023,E12000006,E1,RSN1,E38000260,E30000186,"0",E33026167
"261900",,E35999999,E56000035,E58000073,E92000001,"200609",,E54000056,"21728",E07000012,52.1505432128906,E37000059,,0.367870002985001,E01018218,E01018218,E02003790,E02003790,E40000007,E00091906,E00091906,1B2,E10000003,"562098","1",E18000006,E07000012,"252893",E05011282,E04001849,E65000001,CB215NY,CB21 5NY,CB21 5NY,E14001481,E23000023,E12000006,E1,RSN1,E38000260,E30000186,"0",E33026167
"261901",,E35999999,E56000035,E58000073,E92000001,"200703",,E54000056,"21728",E07000012,52.1443099975586,E37000059,,0.372990995645523,E01018218,E01018218,E02003790,E02003790,E40000007,E00091906,E00091906,1B2,E10000003,"562471","1",E18000006,E07000012,"252211",E05011282,E04001849,E65000001,CB215NZ,CB21 5NZ,CB21 5NZ,E14001481,E23000023,E12000006,E1,RSN1,E38000260,E30000186,"0",E33026167
"261902",,E35999999,E56000035,E58000073,E92000001,"200609",,E54000056,"21728",E07000012,52.1543045043945,E37000059,,0.364179998636246,E01018218,E01018218,E02003790,E02003790,E40000007,E00091906,E00091906,1B2,E10000003,"561832","1",E18000006,E07000012,"253303",E05011282,E04001849,E65000001,CB215PA,CB21 5PA,CB21 5PA,E14001481,E23000023,E12000006,E1,RSN1,E38000260,E30000186,"0",E33026167
"261903",,E35999999,E56000035,E58000073,E92000001,"200609",,E54000056,"21728",E07000012,52.1532363891602,E37000059,,0.362895995378494,E01018218,E01018218,E02003790,E02003790,E40000007,E00091906,E00091906,1B2,E10000003,"561748","1",E18000006,E07000012,"253181",E05011282,E04001849,E65000001,CB215PB,CB21 5PB,CB21 5PB,E14001481,E23000023,E12000006,E1,RSN1,E38000260,E30000186,"0",E33026167
"261904",,E35999999,E56000035,E58000073,E92000001,"200609",,E54000056,"21728",E07000012,52.1525497436523,E37000059,,0.360783010721207,E01018218,E01018218,E02003790,E02003790,E40000007,E00091906,E00091906,1B2,E10000003,"561606","1",E18000006,E07000012,"253100",E05011282,E04001849,E65000001,CB215PE,CB21 5PE,CB21 5PE,E14001481,E23000023,E12000006,E1,RSN1,E38000260,E30000186,"0",E33026167
"261905",,E35999999,E56000035,E58000073,E92000001,"200609",,E54000056,"21728",E07000012,52.1639823913574,E37000059,,0.315605014562607,E01018218,E01018218,E02003790,E02003790,E40000007,E00091906,E00091906,1B2,E10000003,"558475","1",E18000006,E07000012,"254272",E05011282,E04001849,E65000001,CB215PF,CB21 5PF,CB21 5PF,E14001481,E23000023,E12000006,E1,RSN1,E38000260,E30000186,"0",E33026167
"261906",,E35999999,E56000035,E58000073,E92000001,"200609",,E54000056,"21728",E07000012,52.1528244018555,E37000059,,0.362713009119034,E01018218,E01018218,E02003790,E02003790,E40000007,E00091906,E00091906,1B2,E10000003,"561737","1",E18000006,E07000012,"253135",E05011282,E04001849,E65000001,CB215PH,CB21 5PH,CB21 5PH,E14001481,E23000023,E12000006,E1,RSN1,E38000260,E30000186,"0",E33026167
"261934",,E35999999,E56000035,E58000073,E92000001,"200609",,E54000056,"31437",E07000012,52.1082878112793,E37000059,,0.245216995477676,E01018263,E01018263,E02003790,E02003790,E40000007,E00092110,E00092110,1B1,E10000003,"553853","1",E18000006,E07000012,"247927",E05011298,E04001804,E65000001,CB216AY,CB21 6AY,CB21 6AY,E14001481,E23000023,E12000006,E1,RSN1,E38000260,E30000186,"0",E33026171
"261947",,E35999999,E56000035,E58000073,E92000001,"200609",,E54000056,"31437",E07000012,52.1085815429688,E37000059,,0.255308002233505,E01018263,E01018263,E02003790,E02003790,E40000007,E00092110,E00092110,1B1,E10000003,"554543","1",E18000006,E07000012,"247981",E05011298,E04001804,E65000001,CB216BS,CB21 6BS,CB21 6BS,E14001481,E23000023,E12000006,E1,RSN1,E38000260,E30000186,"0",E33026171
"261948",,E35999999,E56000035,E58000073,E92000001,"200609",,E54000056,"31437",E07000012,52.1109657287598,E37000059,,0.252420008182526,E01018263,E01018263,E02003790,E02003790,E40000007,E00092110,E00092110,1B1,E10000003,"554337","1",E18000006,E07000012,"248240",E05011298,E04001804,E65000001,CB216BT,CB21 6BT,CB21 6BT,E14001481,E23000023,E12000006,E1,RSN1,E38000260,E30000186,"0",E33026171
"261949",,E35999999,E56000035,E58000073,E92000001,"200609",,E54000056,"31437",E07000012,52.1142349243164,E37000059,,0.255374014377594,E01018263,E01018263,E02003790,E02003790,E40000007,E00092110,E00092110,1B1,E10000003,"554528","1",E18000006,E07000012,"248610",E05011298,E04001804,E65000001,CB216BU,CB21 6BU,CB21 6BU,E14001481,E23000023,E12000006,E1,RSN1,E38000260,E30000186,"0",E33026171
"261952",,E35999999,E56000035,E58000073,E92000001,"200609",,E54000056,"31437",E07000012,52.1131706237793,E37000059,,0.253114998340607,E01018263,E01018263,E02003790,E02003790,E40000007,E00092110,E00092110,1B1,E10000003,"554377","1",E18000006,E07000012,"248487",E05011298,E04001804,E65000001,CB216BY,CB21 6BY,CB21 6BY,E14001481,E23000023,E12000006,E1,RSN1,E38000260,E30000186,"0",E33026171
"261953",,E35999999,E56000035,E58000228,E92000001,"200609",,E54000056,"31437",E07000012,52.1156272888184,E37000059,,0.256379991769791,E01018263,E01018263,E02003790,E02003790,E40000007,E00092110,E00092110,1B1,E10000003,"554592","1",E18000006,E07000012,"248767",E05011298,E04001804,E65000001,CB216BZ,CB21 6BZ,CB21 6BZ,E14001481,E23000023,E12000006,E1,RSN1,E38000260,E30000186,"0",E33026171
"261954",,E35999999,E56000035,E58000228,E92000001,"200609",,E54000056,"31437",E07000012,52.1177368164062,E37000059,,0.258560001850128,E01018263,E01018263,E02003790,E02003790,E40000007,E00092110,E00092110,1B1,E10000003,"554734","1",E18000006,E07000012,"249006",E05011298,E04001804,E65000001,CB216DA,CB21 6DA,CB21 6DA,E14001481,E23000023,E12000006,E1,RSN1,E38000260,E30000186,"0",E33026171
"261955",,E35999999,E56000035,E58000073,E92000001,"200609",,E54000056,"31437",E07000012,52.1171073913574,E37000059,,0.258426010608673,E01018263,E01018263,E02003790,E02003790,E40000007,E00092110,E00092110,1B1,E10000003,"554727","1",E18000006,E07000012,"248936",E05011298,E04001804,E65000001,CB216DB,CB21 6DB,CB21 6DB,E14001481,E23000023,E12000006,E1,RSN1,E38000260,E30000186,"0",E33026171
"261956",,E35999999,E56000035,E58000228,E92000001,"200609",,E54000056,"31437",E07000012,52.1195678710938,E37000059,,0.253948986530304,E01018263,E01018263,E02003790,E02003790,E40000007,E00092110,E00092110,1B1,E10000003,"554412","1",E18000006,E07000012,"249200",E05011298,E04001804,E65000001,CB216DD,CB21 6DD,CB21 6DD,E14001481,E23000023,E12000006,E1,RSN1,E38000260,E30000186,"0",E33026171
"261957",,E35999999,E56000035,E58000073,E92000001,"200609",,E54000056,"31437",E07000012,52.1116752624512,E37000059,,0.253347009420395,E01018263,E01018263,E02003790,E02003790,E40000007,E00092110,E00092110,1B1,E10000003,"554398","1",E18000006,E07000012,"248321",E05011298,E04001804,E65000001,CB216DE,CB21 6DE,CB21 6DE,E14001481,E23000023,E12000006,E1,RSN1,E38000260,E30000186,"0",E33026171
"261965",,E35999999,E56000035,E58000073,E92000001,"200609",,E54000056,"31437",E07000012,52.114673614502,E37000059,,0.258215993642807,E01018263,E01018263,E02003790,E02003790,E40000007,E00092110,E00092110,1B1,E10000003,"554721","1",E18000006,E07000012,"248665",E05011298,E04001804,E65000001,CB216DQ,CB21 6DQ,CB21 6DQ,E14001481,E23000023,E12000006,E1,RSN1,E38000260,E30000186,"0",E33026171
"267980",,E35999999,E56000035,E58000073,E92000001,"201802",,E54000056,"21728",E07000012,52.1611213684082,E37000059,,0.375405013561249,E01018218,E01018218,E02003790,E02003790,E40000007,E00091901,E00091901,1A2,E10000003,"562575","1",E18000006,E07000012,"254086",E05011282,E04001768,E65000001,CB8 0FN,CB8  0FN,CB8 0FN,E14001481,E23000023,E12000006,E1,RSN1,E38000260,E30000186,"0",E33026167
"268103",,E35999999,E56000035,E58000073,E92000001,"198001",,E54000056,"21728",E07000012,52.1598281860352,E37000059,,0.379415988922119,E01018218,E01018218,E02003790,E02003790,E40000007,E00091901,E00091901,1A2,E10000003,"562854","1",E18000006,E07000012,"253951",E05011282,E04001768,E65000001,CB8 0SW,CB8  0SW,CB8 0SW,E14001481,E23000023,E12000006,E1,RSN1,E38000260,E30000186,"0",E33026167
"268132",,E35999999,E56000035,E58000073,E92000001,"198001",,E54000056,"21728",E07000012,52.174430847168,E37000059,,0.303860992193222,E01018218,E01018218,E02003790,E02003790,E40000007,E00091906,E00091906,1B2,E10000003,"557635","1",E18000006,E07000012,"255408",E05011282,E04001849,E65000001,CB8 0UP,CB8  0UP,CB8 0UP,E14001481,E23000023,E12000006,E1,RSN1,E38000260,E30000186,"0",E33026167
"268134",,E35999999,E56000035,E58000228,E92000001,"198001",,E54000056,"21728",E07000012,52.1692276000977,E37000059,,0.315497010946274,E01018218,E01018218,E02003790,E02003790,E40000007,E00091906,E00091906,1B2,E10000003,"558449","1",E18000006,E07000012,"254855",E05011282,E04001849,E65000001,CB8 0UR,CB8  0UR,CB8 0UR,E14001481,E23000023,E12000006,E1,RSN1,E38000260,E30000186,"0",E33026167
"268135",,E35999999,E56000035,E58000073,E92000001,"198001",,E54000056,"21728",E07000012,52.1682205200195,E37000059,,0.314610987901688,E01018218,E01018218,E02003790,E02003790,E40000007,E00091906,E00091906,1B2,E10000003,"558392","1",E18000006,E07000012,"254741",E05011282,E04001849,E65000001,CB8 0UT,CB8  0UT,CB8 0UT,E14001481,E23000023,E12000006,E1,RSN1,E38000260,E30000186,"0",E33026167
"268812",,E35999999,E56000035,E58000228,E92000001,"198001",,E54000056,"21728",E07000012,52.1585807800293,E37000059,,0.391703993082047,E01018218,E01018218,E02003790,E02003790,E40000007,E00091901,E00091901,1A2,E10000003,"563699","1",E18000006,E07000012,"253840",E05011282,E04001768,E65000001,CB8 9JX,CB8  9JX,CB8 9JX,E14001481,E23000023,E12000006,E1,RSN1,E38000260,E30000186,"0",E33026167
"268813",,E35999999,E56000035,E58000073,E92000001,"199109",,E54000056,"21728",E07000012,52.1547164916992,E37000059,,0.399055987596512,E01018218,E01018218,E02003790,E02003790,E40000007,E00091901,E00091901,1A2,E10000003,"564216","1",E18000006,E07000012,"253427",E05011282,E04001768,E65000001,CB8 9JY,CB8  9JY,CB8 9JY,E14001481,E23000023,E12000006,E1,RSN1,E38000260,E30000186,"0",E33026167
"268814",,E35999999,E56000035,E58000073,E92000001,"198001",,E54000056,"21728",E07000012,52.1517333984375,E37000059,,0.398544013500214,E01018218,E01018218,E02003790,E02003790,E40000007,E00091901,E00091901,1A2,E10000003,"564192","1",E18000006,E07000012,"253094",E05011282,E04001768,E65000001,CB8 9JZ,CB8  9JZ,CB8 9JZ,E14001481,E23000023,E12000006,E1,RSN1,E38000260,E30000186,"0",E33026167
"268815",,E35999999,E56000035,E58000073,E92000001,"198001",,E54000056,"21728",E07000012,52.1486511230469,E37000059,,0.401915997266769,E01018218,E01018218,E02003790,E02003790,E40000007,E00091901,E00091901,1A2,E10000003,"564434","1",E18000006,E07000012,"252759",E05011282,E04001768,E65000001,CB8 9LD,CB8  9LD,CB8 9LD,E14001481,E23000023,E12000006,E1,RSN1,E38000260,E30000186,"0",E33026167
"268816",,E35999999,E56000035,E58000073,E92000001,"198001",,E54000056,"21728",E07000012,52.1389656066895,E37000059,,0.398458003997803,E01018218,E01018218,E02003790,E02003790,E40000007,E00091901,E00091901,1A2,E10000003,"564233","1",E18000006,E07000012,"251674",E05011282,E04001768,E65000001,CB8 9LE,CB8  9LE,CB8 9LE,E14001481,E23000023,E12000006,E1,RSN1,E38000260,E30000186,"0",E33026167
"268817",,E35999999,E56000035,E58000073,E92000001,"198001",,E54000056,"21728",E07000012,52.1556434631348,E37000059,,0.404309988021851,E01018218,E01018218,E02003790,E02003790,E40000007,E00091901,E00091901,1A2,E10000003,"564572","1",E18000006,E07000012,"253542",E05011282,E04001768,E65000001,CB8 9LF,CB8  9LF,CB8 9LF,E14001481,E23000023,E12000006,E1,RSN1,E38000260,E30000186,"0",E33026167
"268925",,E35999999,E56000035,E58000073,E92000001,"200006",,E54000056,"21728",E07000012,52.1617164611816,E37000059,,0.388303995132446,E01018218,E01018218,E02003790,E02003790,E40000007,E00091901,E00091901,1A2,E10000003,"563455","1",E18000006,E07000012,"254181",E05011282,E04001768,E65000001,CB8 9WH,CB8  9WH,CB8 9WH,E14001481,E23000023,E12000006,E1,RSN1,E38000260,E30000186,"1",E33026167
